0.000000000000000000e+00 -2.546233246612930756e+01
3.003003003003003046e-01 -2.546233246612930756e+01
6.006006006006006093e-01 -2.059419188074802065e+01
9.009009009009009139e-01 -1.781845877663591438e+01
1.201201201201201219e+00 -1.607049885773625419e+01
1.501501501501501412e+00 -1.460025081093402299e+01
1.801801801801801828e+00 -1.345391906575199670e+01
2.102102102102102243e+00 -1.252188268810706617e+01
2.402402402402402437e+00 -1.183343249502846461e+01
2.702702702702702631e+00 -1.113318687685106134e+01
3.003003003003002824e+00 -1.060388777094460799e+01
3.303303303303303462e+00 -1.015169434661173575e+01
3.603603603603603656e+00 -9.664760154494409505e+00
3.903903903903903849e+00 -9.206724203657579153e+00
4.204204204204204487e+00 -8.736417925814730978e+00
4.504504504504504681e+00 -8.275003388462957687e+00
4.804804804804804874e+00 -7.805203122854187825e+00
5.105105105105105068e+00 -7.338867450057485975e+00
5.405405405405405261e+00 -6.898619910015859169e+00
5.705705705705705455e+00 -6.492100551181493095e+00
6.006006006006005649e+00 -6.138524189395376141e+00
6.306306306306306730e+00 -5.821091440634873493e+00
6.606606606606606924e+00 -5.551151184724172793e+00
6.906906906906907118e+00 -5.328802827271283959e+00
7.207207207207207311e+00 -5.144520339623246841e+00
7.507507507507507505e+00 -4.993397699415062618e+00
7.807807807807807698e+00 -4.870422307630192016e+00
8.108108108108108780e+00 -4.785493746837948592e+00
8.408408408408408974e+00 -4.722901766391091272e+00
8.708708708708709167e+00 -4.683790167223950363e+00
9.009009009009009361e+00 -4.663895123143798394e+00
9.309309309309309555e+00 -4.658008709362164268e+00
9.609609609609609748e+00 -4.662694669874088760e+00
9.909909909909909942e+00 -4.677462066574636701e+00
1.021021021021021014e+01 -4.696472871282644235e+00
1.051051051051051033e+01 -4.720118806809376899e+00
1.081081081081081052e+01 -4.745690520523298872e+00
1.111111111111111072e+01 -4.770698778326130984e+00
1.141141141141141091e+01 -4.792948306565119942e+00
1.171171171171171110e+01 -4.810366172321521638e+00
1.201201201201201130e+01 -4.829787726524163105e+00
1.231231231231231327e+01 -4.842856566862336898e+00
1.261261261261261346e+01 -4.853191622776614977e+00
1.291291291291291365e+01 -4.859072742495833097e+00
1.321321321321321385e+01 -4.856037037233103426e+00
1.351351351351351404e+01 -4.853191800687280733e+00
1.381381381381381424e+01 -4.844072730428989004e+00
1.411411411411411443e+01 -4.831389315713163768e+00
1.441441441441441462e+01 -4.813243724367583631e+00
1.471471471471471482e+01 -4.797546257768604328e+00
1.501501501501501501e+01 -4.774686111116947629e+00
1.531531531531531520e+01 -4.755212071943835994e+00
1.561561561561561540e+01 -4.732774318424531224e+00
1.591591591591591559e+01 -4.711643094171050095e+00
1.621621621621621756e+01 -4.690811409086107275e+00
1.651651651651651775e+01 -4.673068511376107459e+00
1.681681681681681795e+01 -4.659063497654744701e+00
1.711711711711711814e+01 -4.642538791311146440e+00
1.741741741741741833e+01 -4.628958791075390877e+00
1.771771771771771853e+01 -4.619130172848906035e+00
1.801801801801801872e+01 -4.611513153521432429e+00
1.831831831831831892e+01 -4.606612568132037566e+00
1.861861861861861911e+01 -4.606783832175683102e+00
1.891891891891891930e+01 -4.605961255001293608e+00
1.921921921921921950e+01 -4.610706742333609220e+00
1.951951951951951969e+01 -4.618430508052284722e+00
1.981981981981981988e+01 -4.631256532432798778e+00
2.012012012012012008e+01 -4.643897706844116513e+00
2.042042042042042027e+01 -4.656137895437144181e+00
2.072072072072072046e+01 -4.673300249452269739e+00
2.102102102102102066e+01 -4.694139608698343125e+00
2.132132132132132085e+01 -4.715665280064334830e+00
2.162162162162162105e+01 -4.736720817272972006e+00
2.192192192192192124e+01 -4.758036700508452732e+00
2.222222222222222143e+01 -4.782297455303488043e+00
2.252252252252252163e+01 -4.810193091824743306e+00
2.282282282282282182e+01 -4.834125919658787573e+00
2.312312312312312201e+01 -4.858287810051717948e+00
2.342342342342342221e+01 -4.884109280644171491e+00
2.372372372372372240e+01 -4.908572455357613329e+00
2.402402402402402259e+01 -4.933406469512775061e+00
2.432432432432432634e+01 -4.956239330212432570e+00
2.462462462462462653e+01 -4.977840037095776715e+00
2.492492492492492673e+01 -5.003207589375668007e+00
2.522522522522522692e+01 -5.025928522025478351e+00
2.552552552552552712e+01 -5.051289564192318338e+00
2.582582582582582731e+01 -5.072055282733233916e+00
2.612612612612612750e+01 -5.090596232415832034e+00
2.642642642642642770e+01 -5.107355208542131209e+00
2.672672672672672789e+01 -5.125786177785371933e+00
2.702702702702702808e+01 -5.140624762925498636e+00
2.732732732732732828e+01 -5.156475994410683938e+00
2.762762762762762847e+01 -5.170131634141415411e+00
2.792792792792792866e+01 -5.184865612667403312e+00
2.822822822822822886e+01 -5.197060789840966422e+00
2.852852852852852905e+01 -5.209983430474055766e+00
2.882882882882882924e+01 -5.221724315659869831e+00
2.912912912912912944e+01 -5.232208674866522635e+00
2.942942942942942963e+01 -5.240721841344084808e+00
2.972972972972972983e+01 -5.246840151039450895e+00
3.003003003003003002e+01 -5.250400314388585343e+00
3.033033033033033021e+01 -5.257036155117353005e+00
3.063063063063063041e+01 -5.263358345322613374e+00
3.093093093093093060e+01 -5.269476450690247837e+00
3.123123123123123079e+01 -5.275521372472614878e+00
3.153153153153153099e+01 -5.277455569702085292e+00
3.183183183183183118e+01 -5.281812386948986138e+00
3.213213213213213493e+01 -5.284434973026400861e+00
3.243243243243243512e+01 -5.290833739627593957e+00
3.273273273273273531e+01 -5.293190628460878955e+00
3.303303303303303551e+01 -5.295385586801853783e+00
3.333333333333333570e+01 -5.296844762840807519e+00
3.363363363363363590e+01 -5.297857146696137498e+00
3.393393393393393609e+01 -5.298591313785450119e+00
3.423423423423423628e+01 -5.300284844851840482e+00
3.453453453453453648e+01 -5.300962376870602455e+00
3.483483483483483667e+01 -5.303691599052538841e+00
3.513513513513513686e+01 -5.304483430403036159e+00
3.543543543543543706e+01 -5.307067423782315885e+00
3.573573573573573725e+01 -5.306583827399771636e+00
3.603603603603603744e+01 -5.311290308340276489e+00
3.633633633633633764e+01 -5.313588367273754720e+00
3.663663663663663783e+01 -5.314135798661105525e+00
3.693693693693693803e+01 -5.316277287674968655e+00
3.723723723723723822e+01 -5.316331248663576758e+00
3.753753753753753841e+01 -5.316942756775486778e+00
3.783783783783783861e+01 -5.317949315174753444e+00
3.813813813813813880e+01 -5.318464154723316462e+00
3.843843843843843899e+01 -5.318433105628798785e+00
3.873873873873873919e+01 -5.318105209783914766e+00
3.903903903903903938e+01 -5.320565458770381007e+00
3.933933933933933957e+01 -5.322311280215932250e+00
3.963963963963963977e+01 -5.323116396417833407e+00
3.993993993993993996e+01 -5.324313446858027987e+00
4.024024024024024015e+01 -5.325079526068054570e+00
4.054054054054054035e+01 -5.327364183324469593e+00
4.084084084084084054e+01 -5.331606041594287859e+00
4.114114114114114074e+01 -5.334446316693576051e+00
4.144144144144144093e+01 -5.334913198125514455e+00
4.174174174174174112e+01 -5.337747242871342834e+00
4.204204204204204132e+01 -5.336393662644138836e+00
4.234234234234234151e+01 -5.337297779169803746e+00
4.264264264264264170e+01 -5.338549578808851059e+00
4.294294294294294190e+01 -5.340318207478973456e+00
4.324324324324324209e+01 -5.341195192427846905e+00
4.354354354354354228e+01 -5.341856137402568372e+00
4.384384384384384248e+01 -5.338663753776287102e+00
4.414414414414414267e+01 -5.338742794281674975e+00
4.444444444444444287e+01 -5.339718009496183804e+00
4.474474474474474306e+01 -5.338648388205828432e+00
4.504504504504504325e+01 -5.340466968643152512e+00
4.534534534534534345e+01 -5.341972198673233585e+00
4.564564564564564364e+01 -5.343395731853233244e+00
4.594594594594594383e+01 -5.343818738726499262e+00
4.624624624624624403e+01 -5.347672433314050622e+00
4.654654654654654422e+01 -5.348461518860981201e+00
4.684684684684684441e+01 -5.349528546368303772e+00
4.714714714714714461e+01 -5.352402424019378380e+00
4.744744744744744480e+01 -5.355589058778655875e+00
4.774774774774774500e+01 -5.360534011286451239e+00
4.804804804804804519e+01 -5.365132108240154629e+00
4.834834834834835249e+01 -5.368401993958930696e+00
4.864864864864865268e+01 -5.370865118396913829e+00
4.894894894894895288e+01 -5.376311360395837902e+00
4.924924924924925307e+01 -5.381444383810529253e+00
4.954954954954955326e+01 -5.385775297130941830e+00
4.984984984984985346e+01 -5.391504020283254484e+00
5.015015015015015365e+01 -5.397946509397536730e+00
5.045045045045045384e+01 -5.403428528228896077e+00
5.075075075075075404e+01 -5.408231895384943755e+00
5.105105105105105423e+01 -5.413624903131939448e+00
5.135135135135135442e+01 -5.418028201177561343e+00
5.165165165165165462e+01 -5.424893859007016594e+00
5.195195195195195481e+01 -5.429573773489153155e+00
5.225225225225225500e+01 -5.433226107564005147e+00
5.255255255255255520e+01 -5.438100879899373297e+00
5.285285285285285539e+01 -5.443137755550603529e+00
5.315315315315315559e+01 -5.449465301042550891e+00
5.345345345345345578e+01 -5.456920357409732247e+00
5.375375375375375597e+01 -5.464737775591320457e+00
5.405405405405405617e+01 -5.470667473683484161e+00
5.435435435435435636e+01 -5.475619389015101923e+00
5.465465465465465655e+01 -5.483122948010849207e+00
5.495495495495495675e+01 -5.491541282384742040e+00
5.525525525525525694e+01 -5.497807970865775218e+00
5.555555555555555713e+01 -5.505372246047972595e+00
5.585585585585585733e+01 -5.510779057346459453e+00
5.615615615615615752e+01 -5.517650031112006026e+00
5.645645645645645772e+01 -5.523733218902408204e+00
5.675675675675675791e+01 -5.528674584818491056e+00
5.705705705705705810e+01 -5.535650524780905357e+00
5.735735735735735830e+01 -5.540333243123710893e+00
5.765765765765765849e+01 -5.546172540967810427e+00
5.795795795795795868e+01 -5.552888104203347552e+00
5.825825825825825888e+01 -5.556492183036042753e+00
5.855855855855855907e+01 -5.561462169051476501e+00
5.885885885885885926e+01 -5.567892326477860365e+00
5.915915915915915946e+01 -5.571749260007993421e+00
5.945945945945945965e+01 -5.575608023183764139e+00
5.975975975975975985e+01 -5.579490526915261484e+00
6.006006006006006004e+01 -5.582211079724581637e+00
6.036036036036036023e+01 -5.584427416789672804e+00
6.066066066066066043e+01 -5.586678807912559996e+00
6.096096096096096062e+01 -5.588273427674475435e+00
6.126126126126126081e+01 -5.590017206329321198e+00
6.156156156156156101e+01 -5.590808746606609425e+00
6.186186186186186120e+01 -5.592065425813461665e+00
6.216216216216216139e+01 -5.594664533773314297e+00
6.246246246246246159e+01 -5.597856241842826819e+00
6.276276276276276178e+01 -5.600095562339663324e+00
6.306306306306306197e+01 -5.603174109450987039e+00
6.336336336336336217e+01 -5.604156921449593654e+00
6.366366366366366236e+01 -5.606523207098749850e+00
6.396396396396396256e+01 -5.607054969820730150e+00
6.426426426426426985e+01 -5.608285427945784996e+00
6.456456456456456294e+01 -5.608387203736117321e+00
6.486486486486487024e+01 -5.607711343661612169e+00
6.516516516516516333e+01 -5.606690612768684190e+00
6.546546546546547063e+01 -5.606508243722248430e+00
6.576576576576576372e+01 -5.607691117794081137e+00
6.606606606606607102e+01 -5.607781048087780107e+00
6.636636636636636410e+01 -5.608249051969502297e+00
6.666666666666667140e+01 -5.608331634742362404e+00
6.696696696696696449e+01 -5.609984798794946492e+00
6.726726726726727179e+01 -5.610754028825018835e+00
6.756756756756756488e+01 -5.611173308143113658e+00
6.786786786786787218e+01 -5.611567178630952668e+00
6.816816816816816527e+01 -5.610826938857593760e+00
6.846846846846847257e+01 -5.609618165352165953e+00
6.876876876876876565e+01 -5.609202672893705000e+00
6.906906906906907295e+01 -5.609805300644525872e+00
6.936936936936936604e+01 -5.610583946257165167e+00
6.966966966966967334e+01 -5.609438755429292378e+00
6.996996996996996643e+01 -5.610133324012617884e+00
7.027027027027027373e+01 -5.609969464941627848e+00
7.057057057057056682e+01 -5.610878187957792029e+00
7.087087087087087411e+01 -5.611625510509242076e+00
7.117117117117116720e+01 -5.611016783079985082e+00
7.147147147147147450e+01 -5.611273933347417753e+00
7.177177177177176759e+01 -5.612559020172033897e+00
7.207207207207207489e+01 -5.613585360302481675e+00
7.237237237237236798e+01 -5.614562813434113231e+00
7.267267267267267528e+01 -5.614745319287696823e+00
7.297297297297296836e+01 -5.615568422861954012e+00
7.327327327327327566e+01 -5.615847107834576413e+00
7.357357357357356875e+01 -5.615965322797844550e+00
7.387387387387387605e+01 -5.616985159973481245e+00
7.417417417417416914e+01 -5.616566095800708425e+00
7.447447447447447644e+01 -5.615749328381659744e+00
7.477477477477476953e+01 -5.615920712390614078e+00
7.507507507507507682e+01 -5.616920069402148386e+00
7.537537537537536991e+01 -5.616905505272550059e+00
7.567567567567567721e+01 -5.619886797276592461e+00
7.597597597597597030e+01 -5.619016295744084566e+00
7.627627627627627760e+01 -5.619792329366696038e+00
7.657657657657657069e+01 -5.620877102422462634e+00
7.687687687687687799e+01 -5.620972729312712524e+00
7.717717717717718529e+01 -5.621510374972110036e+00
7.747747747747747837e+01 -5.623208237967071810e+00
7.777777777777778567e+01 -5.624472406738613373e+00
7.807807807807807876e+01 -5.626826223803786498e+00
7.837837837837838606e+01 -5.629473373798514757e+00
7.867867867867867915e+01 -5.631573363228153717e+00
7.897897897897898645e+01 -5.631974256266349066e+00
7.927927927927927954e+01 -5.631346304177761830e+00
7.957957957957958683e+01 -5.632448858275164838e+00
7.987987987987987992e+01 -5.632393919671948801e+00
8.018018018018018722e+01 -5.633275799254755967e+00
8.048048048048048031e+01 -5.633411522420198381e+00
8.078078078078078761e+01 -5.634711706069396975e+00
8.108108108108108070e+01 -5.636869048258600579e+00
8.138138138138138800e+01 -5.639350650411907750e+00
8.168168168168168108e+01 -5.644059835746134013e+00
8.198198198198198838e+01 -5.644579335218679716e+00
8.228228228228228147e+01 -5.646662110571154969e+00
8.258258258258258877e+01 -5.647191127635746710e+00
8.288288288288288186e+01 -5.648705066019522825e+00
8.318318318318318916e+01 -5.651170001728572423e+00
8.348348348348348225e+01 -5.654000868828553905e+00
8.378378378378378954e+01 -5.658312021051013829e+00
8.408408408408408263e+01 -5.662893191774484691e+00
8.438438438438438993e+01 -5.666829452884384999e+00
8.468468468468468302e+01 -5.668906766062226765e+00
8.498498498498499032e+01 -5.671921659172658003e+00
8.528528528528528341e+01 -5.676270988202827716e+00
8.558558558558559071e+01 -5.679452161286380196e+00
8.588588588588588379e+01 -5.683304982680891904e+00
8.618618618618619109e+01 -5.686156025976361938e+00
8.648648648648648418e+01 -5.689695813667068336e+00
8.678678678678679148e+01 -5.693620243317826457e+00
8.708708708708708457e+01 -5.696602114743893885e+00
8.738738738738739187e+01 -5.700562329691798880e+00
8.768768768768768496e+01 -5.704109287757419544e+00
8.798798798798799226e+01 -5.709789302404987943e+00
8.828828828828828534e+01 -5.713681094916696068e+00
8.858858858858859264e+01 -5.717072286388464875e+00
8.888888888888888573e+01 -5.720758824946540422e+00
8.918918918918919303e+01 -5.725996464696675226e+00
8.948948948948948612e+01 -5.731643579164517277e+00
8.978978978978979342e+01 -5.737135617257407283e+00
9.009009009009008651e+01 -5.741601545644727800e+00
9.039039039039039380e+01 -5.746909391721615634e+00
9.069069069069068689e+01 -5.751686947455695531e+00
9.099099099099099419e+01 -5.755764419346993677e+00
9.129129129129128728e+01 -5.761109026447868153e+00
9.159159159159159458e+01 -5.764661585303858082e+00
9.189189189189188767e+01 -5.770800236299718833e+00
9.219219219219219497e+01 -5.776346893222781276e+00
9.249249249249248805e+01 -5.780911709144866073e+00
9.279279279279279535e+01 -5.785057489067448877e+00
9.309309309309308844e+01 -5.791590516397219446e+00
9.339339339339339574e+01 -5.795470862713583138e+00
9.369369369369368883e+01 -5.800834769528011137e+00
9.399399399399399613e+01 -5.808226060763209020e+00
9.429429429429428922e+01 -5.811636649160762502e+00
9.459459459459459651e+01 -5.817200601902392521e+00
9.489489489489488960e+01 -5.821976262842380123e+00
9.519519519519519690e+01 -5.828775877017380758e+00
9.549549549549548999e+01 -5.833733404668518752e+00
9.579579579579579729e+01 -5.838512511944706773e+00
9.609609609609609038e+01 -5.842564245167606529e+00
9.639639639639639768e+01 -5.846826368362525450e+00
9.669669669669670498e+01 -5.850490911939077776e+00
9.699699699699699806e+01 -5.854836155617078930e+00
9.729729729729730536e+01 -5.858590687768224115e+00
9.759759759759759845e+01 -5.860781161359970959e+00
9.789789789789790575e+01 -5.864420537552172519e+00
9.819819819819819884e+01 -5.868112534712531136e+00
9.849849849849850614e+01 -5.871655658144416812e+00
9.879879879879879923e+01 -5.876026594498415356e+00
9.909909909909910652e+01 -5.879698494647333185e+00
9.939939939939939961e+01 -5.882538144223717680e+00
9.969969969969970691e+01 -5.885767584721929957e+00
1.000000000000000000e+02 -5.888248262229487828e+00
1.003003003003003073e+02 -5.891538504121474062e+00
1.006006006006006004e+02 -5.895730760896349842e+00
1.009009009009009077e+02 -5.898281903454840602e+00
1.012012012012012008e+02 -5.899487490210478136e+00
1.015015015015015081e+02 -5.901804276372348390e+00
1.018018018018018012e+02 -5.904180823269839173e+00
1.021021021021021085e+02 -5.905326996692932262e+00
1.024024024024024015e+02 -5.908544007954606769e+00
1.027027027027027088e+02 -5.912069585242849534e+00
1.030030030030030019e+02 -5.913727503684824249e+00
1.033033033033033092e+02 -5.914120142509990075e+00
1.036036036036036023e+02 -5.915352687545115451e+00
1.039039039039039096e+02 -5.915303243101584840e+00
1.042042042042042027e+02 -5.917813783821099349e+00
1.045045045045045100e+02 -5.918693120461002266e+00
1.048048048048048031e+02 -5.917554560562667376e+00
1.051051051051051104e+02 -5.918304361525295043e+00
1.054054054054054035e+02 -5.916236714155500565e+00
1.057057057057057108e+02 -5.913449978806013085e+00
1.060060060060060039e+02 -5.913283521440917845e+00
1.063063063063063112e+02 -5.909907477698723710e+00
1.066066066066066043e+02 -5.909131130739715410e+00
1.069069069069069116e+02 -5.907523521685687840e+00
1.072072072072072046e+02 -5.906223406883172267e+00
1.075075075075075119e+02 -5.902997384243893642e+00
1.078078078078078050e+02 -5.901618299199058448e+00
1.081081081081081123e+02 -5.900728098997866766e+00
1.084084084084084054e+02 -5.897493345352839533e+00
1.087087087087087127e+02 -5.895548378293642422e+00
1.090090090090090058e+02 -5.892080472228912846e+00
1.093093093093093131e+02 -5.889215935571308513e+00
1.096096096096096062e+02 -5.885783452224117696e+00
1.099099099099099135e+02 -5.882819016399818857e+00
1.102102102102102066e+02 -5.878968006678436886e+00
1.105105105105105139e+02 -5.876216156809717539e+00
1.108108108108108070e+02 -5.873953566862446962e+00
1.111111111111111143e+02 -5.870879513478250544e+00
1.114114114114114074e+02 -5.867978604823897548e+00
1.117117117117117147e+02 -5.864956277892104275e+00
1.120120120120120077e+02 -5.861520552388522098e+00
1.123123123123123150e+02 -5.858007352337444296e+00
1.126126126126126081e+02 -5.854068896597299343e+00
1.129129129129129154e+02 -5.850734497061087502e+00
1.132132132132132085e+02 -5.847127501708007102e+00
1.135135135135135158e+02 -5.843173263247508409e+00
1.138138138138138089e+02 -5.840504244060012340e+00
1.141141141141141162e+02 -5.837157549756849306e+00
1.144144144144144093e+02 -5.834518706352184836e+00
1.147147147147147166e+02 -5.831281386795235555e+00
1.150150150150150097e+02 -5.828902890600009989e+00
1.153153153153153170e+02 -5.826444594972022273e+00
1.156156156156156243e+02 -5.824531766679866607e+00
1.159159159159159174e+02 -5.821925674886231583e+00
1.162162162162162247e+02 -5.819264165789060250e+00
1.165165165165165178e+02 -5.818080483603084829e+00
1.168168168168168251e+02 -5.816544747064924969e+00
1.171171171171171181e+02 -5.814239593685032403e+00
1.174174174174174254e+02 -5.811107367889143838e+00
1.177177177177177185e+02 -5.808799758209681308e+00
1.180180180180180258e+02 -5.804648787392378217e+00
1.183183183183183189e+02 -5.801761213682635976e+00
1.186186186186186262e+02 -5.800489737067758611e+00
1.189189189189189193e+02 -5.799588198482191537e+00
1.192192192192192266e+02 -5.798542208864399861e+00
1.195195195195195197e+02 -5.798072764295217674e+00
1.198198198198198270e+02 -5.796495357974656315e+00
1.201201201201201201e+02 -5.794731734352821739e+00
1.204204204204204274e+02 -5.793755669433759969e+00
1.207207207207207205e+02 -5.793364455513582811e+00
1.210210210210210278e+02 -5.792748280573053243e+00
1.213213213213213209e+02 -5.791859514700937517e+00
1.216216216216216282e+02 -5.791554261556842498e+00
1.219219219219219212e+02 -5.790669728830294183e+00
1.222222222222222285e+02 -5.788851828028225732e+00
1.225225225225225216e+02 -5.788951217467894317e+00
1.228228228228228289e+02 -5.788861549593404376e+00
1.231231231231231220e+02 -5.790137404514609898e+00
1.234234234234234293e+02 -5.791241672628268944e+00
1.237237237237237224e+02 -5.790083618497236628e+00
1.240240240240240297e+02 -5.789978505527632713e+00
1.243243243243243228e+02 -5.790661772876149804e+00
1.246246246246246301e+02 -5.790991281648539157e+00
1.249249249249249232e+02 -5.793546334184632052e+00
1.252252252252252305e+02 -5.795367375578047486e+00
1.255255255255255236e+02 -5.796015695387479738e+00
1.258258258258258309e+02 -5.798252356403082786e+00
1.261261261261261239e+02 -5.800264328687430471e+00
1.264264264264264312e+02 -5.802047970258604082e+00
1.267267267267267243e+02 -5.804474230120729494e+00
1.270270270270270316e+02 -5.806276919283138938e+00
1.273273273273273247e+02 -5.809120174029305694e+00
1.276276276276276320e+02 -5.811847821694101413e+00
1.279279279279279251e+02 -5.813183672421502024e+00
1.282282282282282324e+02 -5.816241778616912939e+00
1.285285285285285397e+02 -5.816992359008404279e+00
1.288288288288288186e+02 -5.818535990589539075e+00
1.291291291291291259e+02 -5.821834713181696763e+00
1.294294294294294332e+02 -5.824071604498580967e+00
1.297297297297297405e+02 -5.825985391332347163e+00
1.300300300300300194e+02 -5.827319112503172249e+00
1.303303303303303267e+02 -5.830967748606053824e+00
1.306306306306306340e+02 -5.832060459305464128e+00
1.309309309309309413e+02 -5.834865526270894165e+00
1.312312312312312201e+02 -5.836592730208095325e+00
1.315315315315315274e+02 -5.839620666673660310e+00
1.318318318318318347e+02 -5.842175230511574391e+00
1.321321321321321420e+02 -5.844931344763579339e+00
1.324324324324324209e+02 -5.846717985424787045e+00
1.327327327327327282e+02 -5.849514620435543044e+00
1.330330330330330355e+02 -5.853351125184730996e+00
1.333333333333333428e+02 -5.856548712682905666e+00
1.336336336336336217e+02 -5.859598888471468925e+00
1.339339339339339290e+02 -5.861526662518529385e+00
1.342342342342342363e+02 -5.864976843400321549e+00
1.345345345345345436e+02 -5.867547478550947382e+00
1.348348348348348509e+02 -5.870183814992265603e+00
1.351351351351351298e+02 -5.873968846635889918e+00
1.354354354354354371e+02 -5.876096747033969336e+00
1.357357357357357444e+02 -5.880603362824472491e+00
1.360360360360360517e+02 -5.883854983632918589e+00
1.363363363363363305e+02 -5.886536901326077320e+00
1.366366366366366378e+02 -5.889512693948153910e+00
1.369369369369369451e+02 -5.893719902158958135e+00
1.372372372372372524e+02 -5.896344982066735518e+00
1.375375375375375313e+02 -5.899962906566377896e+00
1.378378378378378386e+02 -5.902944008826522371e+00
1.381381381381381459e+02 -5.906163993364763165e+00
1.384384384384384532e+02 -5.909559377838031757e+00
1.387387387387387321e+02 -5.913763690347001223e+00
1.390390390390390394e+02 -5.916361872766562335e+00
1.393393393393393467e+02 -5.920301754802805405e+00
1.396396396396396540e+02 -5.923397690472936183e+00
1.399399399399399329e+02 -5.925597331713372995e+00
1.402402402402402402e+02 -5.927909618532273051e+00
1.405405405405405475e+02 -5.929825006685671696e+00
1.408408408408408548e+02 -5.931609303887455553e+00
1.411411411411411336e+02 -5.933139127390824719e+00
1.414414414414414409e+02 -5.934932963808281947e+00
1.417417417417417482e+02 -5.935524568244071375e+00
1.420420420420420555e+02 -5.936524620685656117e+00
1.423423423423423344e+02 -5.937987006069834983e+00
1.426426426426426417e+02 -5.940316780584422141e+00
1.429429429429429490e+02 -5.941014667165372742e+00
1.432432432432432563e+02 -5.942955899434985589e+00
1.435435435435435352e+02 -5.943538651945148743e+00
1.438438438438438425e+02 -5.945480239415508628e+00
1.441441441441441498e+02 -5.945773251631638168e+00
1.444444444444444571e+02 -5.947313057139439252e+00
1.447447447447447360e+02 -5.947697621390046763e+00
1.450450450450450433e+02 -5.946559818656831808e+00
1.453453453453453506e+02 -5.948748302061148685e+00
1.456456456456456579e+02 -5.949318547584119266e+00
1.459459459459459367e+02 -5.949681251312774144e+00
1.462462462462462440e+02 -5.950484584764028639e+00
1.465465465465465513e+02 -5.949233032261995291e+00
1.468468468468468586e+02 -5.949448025716796984e+00
1.471471471471471375e+02 -5.949078096757826728e+00
1.474474474474474448e+02 -5.949553023298693510e+00
1.477477477477477521e+02 -5.949408033924722616e+00
1.480480480480480594e+02 -5.948608046366580915e+00
1.483483483483483383e+02 -5.947699586177184194e+00
1.486486486486486456e+02 -5.948233702319764227e+00
1.489489489489489529e+02 -5.946194410433039756e+00
1.492492492492492602e+02 -5.945871056142524758e+00
1.495495495495495391e+02 -5.944182036424370708e+00
1.498498498498498464e+02 -5.941844659528748629e+00
1.501501501501501536e+02 -5.941484928787616582e+00
1.504504504504504609e+02 -5.940707647419395165e+00
1.507507507507507398e+02 -5.939683067204836853e+00
1.510510510510510471e+02 -5.938284842610753067e+00
1.513513513513513544e+02 -5.935844677738480790e+00
1.516516516516516617e+02 -5.933895306479060494e+00
1.519519519519519406e+02 -5.931652099523492261e+00
1.522522522522522479e+02 -5.929948115939397191e+00
1.525525525525525552e+02 -5.928125591882076328e+00
1.528528528528528625e+02 -5.925072459750106546e+00
1.531531531531531414e+02 -5.921333577786221269e+00
1.534534534534534487e+02 -5.918716728772952962e+00
1.537537537537537560e+02 -5.917687723293779456e+00
1.540540540540540633e+02 -5.916180798802917806e+00
1.543543543543543706e+02 -5.913315297880523680e+00
1.546546546546546494e+02 -5.909358780073419304e+00
1.549549549549549567e+02 -5.907389025876730315e+00
1.552552552552552640e+02 -5.906314747110770647e+00
1.555555555555555713e+02 -5.903304976474008647e+00
1.558558558558558502e+02 -5.899899312829177234e+00
1.561561561561561575e+02 -5.899041157767214827e+00
1.564564564564564648e+02 -5.897314872803864461e+00
1.567567567567567721e+02 -5.894634315555993709e+00
1.570570570570570510e+02 -5.894277985183815183e+00
1.573573573573573583e+02 -5.891735559506186881e+00
1.576576576576576656e+02 -5.889295614622139574e+00
1.579579579579579729e+02 -5.886550190833752083e+00
1.582582582582582518e+02 -5.884935356504323423e+00
1.585585585585585591e+02 -5.884097194625536709e+00
1.588588588588588664e+02 -5.882517707335884083e+00
1.591591591591591737e+02 -5.879631756153572475e+00
1.594594594594594525e+02 -5.875655169523210652e+00
1.597597597597597598e+02 -5.873587028361882290e+00
1.600600600600600671e+02 -5.872767213947978959e+00
1.603603603603603744e+02 -5.870926917261206412e+00
1.606606606606606533e+02 -5.870797012450501562e+00
1.609609609609609606e+02 -5.867992417447505993e+00
1.612612612612612679e+02 -5.867149143439119641e+00
1.615615615615615752e+02 -5.865114305373701598e+00
1.618618618618618541e+02 -5.863981670993382522e+00
1.621621621621621614e+02 -5.863548319343449222e+00
1.624624624624624687e+02 -5.862822457153685107e+00
1.627627627627627760e+02 -5.862759123344352119e+00
1.630630630630630549e+02 -5.862390982320743404e+00
1.633633633633633622e+02 -5.862719951005503916e+00
1.636636636636636695e+02 -5.863772772394650445e+00
1.639639639639639768e+02 -5.863169319661153622e+00
1.642642642642642556e+02 -5.862623539885698065e+00
1.645645645645645629e+02 -5.861383008685303153e+00
1.648648648648648702e+02 -5.863042588671249611e+00
1.651651651651651775e+02 -5.863618522177259429e+00
1.654654654654654564e+02 -5.863168526228847988e+00
1.657657657657657637e+02 -5.863432265099804752e+00
1.660660660660660710e+02 -5.864353722511378209e+00
1.663663663663663783e+02 -5.864383782990557847e+00
1.666666666666666572e+02 -5.864522939087176034e+00
1.669669669669669645e+02 -5.864907506607420551e+00
1.672672672672672718e+02 -5.866866866475415776e+00
1.675675675675675791e+02 -5.866786959098894805e+00
1.678678678678678580e+02 -5.868590532275115734e+00
1.681681681681681653e+02 -5.870595597234861351e+00
1.684684684684684726e+02 -5.872030362263025438e+00
1.687687687687687799e+02 -5.872827473774341556e+00
1.690690690690690587e+02 -5.874188117573956092e+00
1.693693693693693660e+02 -5.875579047502294650e+00
1.696696696696696733e+02 -5.877269226541113945e+00
1.699699699699699806e+02 -5.878505791783982026e+00
1.702702702702702595e+02 -5.879922275407118981e+00
1.705705705705705668e+02 -5.881062581153159385e+00
1.708708708708708741e+02 -5.882144172537467242e+00
1.711711711711711814e+02 -5.883991462478149082e+00
1.714714714714714603e+02 -5.885876055230786719e+00
1.717717717717717676e+02 -5.888877339708809444e+00
1.720720720720720749e+02 -5.891177477749986124e+00
1.723723723723723822e+02 -5.893969967489500306e+00
1.726726726726726611e+02 -5.895787328950710560e+00
1.729729729729729684e+02 -5.897448069570198292e+00
1.732732732732732757e+02 -5.899905142424981541e+00
1.735735735735735830e+02 -5.902766161485063279e+00
1.738738738738738903e+02 -5.905819335576049767e+00
1.741741741741741691e+02 -5.909057294787891657e+00
1.744744744744744764e+02 -5.912946980446791123e+00
1.747747747747747837e+02 -5.915251626022058673e+00
1.750750750750750910e+02 -5.917473439865097440e+00
1.753753753753753699e+02 -5.919888355105100253e+00
1.756756756756756772e+02 -5.922348858729925780e+00
1.759759759759759845e+02 -5.924380310505054759e+00
1.762762762762762918e+02 -5.924906310270424470e+00
1.765765765765765707e+02 -5.925392247270171886e+00
1.768768768768768780e+02 -5.927055614840680775e+00
1.771771771771771853e+02 -5.928294601483000470e+00
1.774774774774774926e+02 -5.930732338289937289e+00
1.777777777777777715e+02 -5.933731062379611565e+00
1.780780780780780788e+02 -5.934674564569983879e+00
1.783783783783783861e+02 -5.935888036133662560e+00
1.786786786786786934e+02 -5.938048357396434440e+00
1.789789789789789722e+02 -5.939900681104660407e+00
1.792792792792792795e+02 -5.941694910692088882e+00
1.795795795795795868e+02 -5.942083545915960663e+00
1.798798798798798941e+02 -5.942914355334959708e+00
1.801801801801801730e+02 -5.944255256209088678e+00
1.804804804804804803e+02 -5.945612165268669536e+00
1.807807807807807876e+02 -5.947494861461224858e+00
1.810810810810810949e+02 -5.948835433812604379e+00
1.813813813813813738e+02 -5.949761671832464849e+00
1.816816816816816811e+02 -5.950529826356278029e+00
1.819819819819819884e+02 -5.950668292426902539e+00
1.822822822822822957e+02 -5.951682047355978611e+00
1.825825825825825746e+02 -5.952610061776138828e+00
1.828828828828828819e+02 -5.951485809890426637e+00
1.831831831831831892e+02 -5.951525048365351900e+00
1.834834834834834965e+02 -5.952515657984017494e+00
1.837837837837837753e+02 -5.953546608321268252e+00
1.840840840840840826e+02 -5.954380909654348741e+00
1.843843843843843899e+02 -5.953597416747527404e+00
1.846846846846846972e+02 -5.954038985708109522e+00
1.849849849849849761e+02 -5.954085752567586987e+00
1.852852852852852834e+02 -5.954472041214004641e+00
1.855855855855855907e+02 -5.954441571635020303e+00
1.858858858858858980e+02 -5.953355375551637962e+00
1.861861861861861769e+02 -5.953707914707642601e+00
1.864864864864864842e+02 -5.951857005228634812e+00
1.867867867867867915e+02 -5.950806225505594682e+00
1.870870870870870988e+02 -5.949676395506199533e+00
1.873873873873873777e+02 -5.948303085907935106e+00
1.876876876876876850e+02 -5.946033942960584184e+00
1.879879879879879923e+02 -5.944500168318581856e+00
1.882882882882882996e+02 -5.942977690722925033e+00
1.885885885885885784e+02 -5.940000635820319452e+00
1.888888888888888857e+02 -5.936091839321810504e+00
1.891891891891891930e+02 -5.932989997209110022e+00
1.894894894894895003e+02 -5.930862110335743509e+00
1.897897897897897792e+02 -5.928609866208255141e+00
1.900900900900900865e+02 -5.927673714769583491e+00
1.903903903903903938e+02 -5.924776863763377754e+00
1.906906906906907011e+02 -5.923394056118500117e+00
1.909909909909909800e+02 -5.922035415711502715e+00
1.912912912912912873e+02 -5.920888622990950978e+00
1.915915915915915946e+02 -5.918828395877063109e+00
1.918918918918919019e+02 -5.916929139760024547e+00
1.921921921921921808e+02 -5.915265010751676655e+00
1.924924924924924881e+02 -5.913254355160553644e+00
1.927927927927927954e+02 -5.912462453343859003e+00
1.930930930930931027e+02 -5.910712829892642795e+00
1.933933933933934100e+02 -5.908031140923493574e+00
1.936936936936936888e+02 -5.905985185035264706e+00
1.939939939939939961e+02 -5.903308936973087562e+00
1.942942942942943034e+02 -5.902299756385228413e+00
1.945945945945946107e+02 -5.900443474037635916e+00
1.948948948948948896e+02 -5.898881996221152058e+00
1.951951951951951969e+02 -5.897051059205609569e+00
1.954954954954955042e+02 -5.895913301532256234e+00
1.957957957957958115e+02 -5.895129222103285827e+00
1.960960960960960904e+02 -5.894662882704948537e+00
1.963963963963963977e+02 -5.893188220401878397e+00
1.966966966966967050e+02 -5.892285903896542720e+00
1.969969969969970123e+02 -5.890949984411973261e+00
1.972972972972972912e+02 -5.891823475730223691e+00
1.975975975975975985e+02 -5.890799022119662887e+00
1.978978978978979058e+02 -5.889704694890395054e+00
1.981981981981982130e+02 -5.887651658901936536e+00
1.984984984984984919e+02 -5.886653714181915298e+00
1.987987987987987992e+02 -5.886248272517621949e+00
1.990990990990991065e+02 -5.887832898033559914e+00
1.993993993993994138e+02 -5.888882452717457916e+00
1.996996996996996927e+02 -5.888112872321268121e+00
2.000000000000000000e+02 -5.888104302158263081e+00
2.003003003003003073e+02 -5.888651230313053375e+00
2.006006006006006146e+02 -5.889607084006466486e+00
2.009009009009008935e+02 -5.890992781948317436e+00
2.012012012012012008e+02 -5.891441480704360245e+00
2.015015015015015081e+02 -5.891300879017268066e+00
2.018018018018018154e+02 -5.890500030454734137e+00
2.021021021021020942e+02 -5.890068233724046642e+00
2.024024024024024015e+02 -5.889722926099773659e+00
2.027027027027027088e+02 -5.890466517398629698e+00
2.030030030030030161e+02 -5.890592472896901022e+00
2.033033033033032950e+02 -5.891679246032929917e+00
2.036036036036036023e+02 -5.893268723763657846e+00
2.039039039039039096e+02 -5.894637313279671886e+00
2.042042042042042169e+02 -5.897242190631724057e+00
2.045045045045044958e+02 -5.898901985169952233e+00
2.048048048048048031e+02 -5.900528808326877872e+00
2.051051051051051104e+02 -5.901141745994943122e+00
2.054054054054054177e+02 -5.903085465345460747e+00
2.057057057057056966e+02 -5.904286163809937094e+00
2.060060060060060039e+02 -5.906864032319187885e+00
2.063063063063063112e+02 -5.910345737228533736e+00
2.066066066066066185e+02 -5.912189680467321296e+00
2.069069069069068973e+02 -5.916074082859450023e+00
2.072072072072072046e+02 -5.918771435870435305e+00
2.075075075075075119e+02 -5.923329621017694890e+00
2.078078078078078192e+02 -5.925084112161838945e+00
2.081081081081080981e+02 -5.926061698291487545e+00
2.084084084084084054e+02 -5.926096681470103711e+00
2.087087087087087127e+02 -5.929682982210457531e+00
2.090090090090090200e+02 -5.931971929289053591e+00
2.093093093093092989e+02 -5.933489549104545624e+00
2.096096096096096062e+02 -5.936243010074871762e+00
2.099099099099099135e+02 -5.937658177168898987e+00
2.102102102102102208e+02 -5.940296089208645824e+00
2.105105105105104997e+02 -5.943516605833116806e+00
2.108108108108108070e+02 -5.945978422132440322e+00
2.111111111111111143e+02 -5.949350503482575547e+00
2.114114114114114216e+02 -5.952163797545027002e+00
2.117117117117117289e+02 -5.955580977866167025e+00
2.120120120120120077e+02 -5.956089706878209711e+00
2.123123123123123150e+02 -5.959013355317262395e+00
2.126126126126126223e+02 -5.959635632897944291e+00
2.129129129129129296e+02 -5.960654526762844796e+00
2.132132132132132085e+02 -5.963071356453493621e+00
2.135135135135135158e+02 -5.967427550559541771e+00
2.138138138138138231e+02 -5.969839274707912757e+00
2.141141141141141304e+02 -5.971322094136626291e+00
2.144144144144144093e+02 -5.971874067853542023e+00
2.147147147147147166e+02 -5.973566775368601256e+00
2.150150150150150239e+02 -5.974926597412622442e+00
2.153153153153153312e+02 -5.975364500866066741e+00
2.156156156156156101e+02 -5.977213264144056737e+00
2.159159159159159174e+02 -5.980318341871099008e+00
2.162162162162162247e+02 -5.982412125377178036e+00
2.165165165165165320e+02 -5.983786078696629929e+00
2.168168168168168108e+02 -5.983625152308237105e+00
2.171171171171171181e+02 -5.984528528802854019e+00
2.174174174174174254e+02 -5.986543350507667505e+00
2.177177177177177327e+02 -5.988627184935561232e+00
2.180180180180180116e+02 -5.989130679146039249e+00
2.183183183183183189e+02 -5.989834993294812726e+00
2.186186186186186262e+02 -5.990235088401587582e+00
2.189189189189189335e+02 -5.990861522874888934e+00
2.192192192192192124e+02 -5.991099229573079832e+00
2.195195195195195197e+02 -5.991325794243247849e+00
2.198198198198198270e+02 -5.991333630786385811e+00
2.201201201201201343e+02 -5.989897031451236309e+00
2.204204204204204132e+02 -5.988794976330824582e+00
2.207207207207207205e+02 -5.989438025021460277e+00
2.210210210210210278e+02 -5.989431207203657515e+00
2.213213213213213351e+02 -5.989304497532581983e+00
2.216216216216216139e+02 -5.990325046304084466e+00
2.219219219219219212e+02 -5.991683292734022892e+00
2.222222222222222285e+02 -5.987788499600339875e+00
2.225225225225225358e+02 -5.987902907608485314e+00
2.228228228228228147e+02 -5.987089882043257205e+00
2.231231231231231220e+02 -5.986040438004891939e+00
2.234234234234234293e+02 -5.984349450095995948e+00
2.237237237237237366e+02 -5.983660455558565516e+00
2.240240240240240155e+02 -5.982087822104197095e+00
2.243243243243243228e+02 -5.982664513477871537e+00
2.246246246246246301e+02 -5.978933388908236779e+00
2.249249249249249374e+02 -5.977124007175859788e+00
2.252252252252252163e+02 -5.975304583149559257e+00
2.255255255255255236e+02 -5.972459083693085091e+00
2.258258258258258309e+02 -5.969961352104419916e+00
2.261261261261261382e+02 -5.967737949922065965e+00
2.264264264264264170e+02 -5.964976068316960145e+00
2.267267267267267243e+02 -5.961999671107145460e+00
2.270270270270270316e+02 -5.959293888157599639e+00
2.273273273273273389e+02 -5.954618530506077256e+00
2.276276276276276178e+02 -5.952574271169110531e+00
2.279279279279279251e+02 -5.951825718539702770e+00
2.282282282282282324e+02 -5.949362440672636865e+00
2.285285285285285397e+02 -5.947122843226716249e+00
2.288288288288288186e+02 -5.944771696078394285e+00
2.291291291291291259e+02 -5.942823235716555352e+00
2.294294294294294332e+02 -5.939101760013736353e+00
2.297297297297297405e+02 -5.935843031763375244e+00
2.300300300300300194e+02 -5.931518707668507417e+00
2.303303303303303267e+02 -5.928824058602288893e+00
2.306306306306306340e+02 -5.927032838930745839e+00
2.309309309309309413e+02 -5.923888961685536358e+00
2.312312312312312486e+02 -5.920655108250327814e+00
2.315315315315315274e+02 -5.917844410635761498e+00
2.318318318318318347e+02 -5.914242352609918818e+00
2.321321321321321420e+02 -5.910380064008395884e+00
2.324324324324324493e+02 -5.906970700569317501e+00
2.327327327327327282e+02 -5.904495843796325083e+00
2.330330330330330355e+02 -5.901106851971733569e+00
2.333333333333333428e+02 -5.898619306846126342e+00
2.336336336336336501e+02 -5.893805348033147595e+00
2.339339339339339290e+02 -5.891158614209431654e+00
2.342342342342342363e+02 -5.887074012808322543e+00
2.345345345345345436e+02 -5.884306332911253712e+00
2.348348348348348509e+02 -5.883015446415454264e+00
2.351351351351351298e+02 -5.879322025752619751e+00
2.354354354354354371e+02 -5.874508248529044963e+00
2.357357357357357444e+02 -5.870264114796368560e+00
2.360360360360360517e+02 -5.866664395613321759e+00
2.363363363363363305e+02 -5.862929798988082197e+00
2.366366366366366378e+02 -5.860714853401872482e+00
2.369369369369369451e+02 -5.859163420305422143e+00
2.372372372372372524e+02 -5.857611496771024662e+00
2.375375375375375313e+02 -5.856379511759593370e+00
2.378378378378378386e+02 -5.853762682325464262e+00
2.381381381381381459e+02 -5.853348488346532541e+00
2.384384384384384532e+02 -5.852061216177678382e+00
2.387387387387387321e+02 -5.850992042748344169e+00
2.390390390390390394e+02 -5.850903967813882112e+00
2.393393393393393467e+02 -5.849117894652837712e+00
2.396396396396396540e+02 -5.849203999600389281e+00
2.399399399399399329e+02 -5.848116874314970737e+00
2.402402402402402402e+02 -5.847703791317672817e+00
2.405405405405405475e+02 -5.847649090871557043e+00
2.408408408408408548e+02 -5.848988897206306881e+00
2.411411411411411336e+02 -5.849054448096415726e+00
2.414414414414414409e+02 -5.848647026572503904e+00
2.417417417417417482e+02 -5.849991221857928636e+00
2.420420420420420555e+02 -5.852853568068516310e+00
2.423423423423423344e+02 -5.853886170250397036e+00
2.426426426426426417e+02 -5.855925853146274562e+00
2.429429429429429490e+02 -5.857758575424371728e+00
2.432432432432432563e+02 -5.861600771425830025e+00
2.435435435435435352e+02 -5.865534565821928226e+00
2.438438438438438425e+02 -5.869216899957200084e+00
2.441441441441441498e+02 -5.873694521732828910e+00
2.444444444444444571e+02 -5.878169526924634347e+00
2.447447447447447360e+02 -5.883050496840861676e+00
2.450450450450450433e+02 -5.887384682817580206e+00
2.453453453453453506e+02 -5.892770869788970245e+00
2.456456456456456579e+02 -5.896571641034248579e+00
2.459459459459459367e+02 -5.902264561430910383e+00
2.462462462462462440e+02 -5.906072079176166945e+00
2.465465465465465513e+02 -5.910749572480933800e+00
2.468468468468468586e+02 -5.916342691251539776e+00
2.471471471471471375e+02 -5.922481823937367551e+00
2.474474474474474448e+02 -5.928772803717264672e+00
2.477477477477477521e+02 -5.937291637588417714e+00
2.480480480480480594e+02 -5.942439605865569519e+00
2.483483483483483383e+02 -5.949096016721666658e+00
2.486486486486486456e+02 -5.956327330584850088e+00
2.489489489489489529e+02 -5.960868104171907156e+00
2.492492492492492602e+02 -5.963876317568365337e+00
2.495495495495495391e+02 -5.969277040061911954e+00
2.498498498498498464e+02 -5.975424341278166906e+00
2.501501501501501536e+02 -5.981185911503553498e+00
2.504504504504504609e+02 -5.985007816988910712e+00
2.507507507507507682e+02 -5.988914799176252579e+00
2.510510510510510471e+02 -5.991870278597033916e+00
2.513513513513513544e+02 -5.997431844455934247e+00
2.516516516516516617e+02 -6.001050503993172747e+00
2.519519519519519690e+02 -6.004925097021545533e+00
2.522522522522522479e+02 -6.008202949144894944e+00
2.525525525525525552e+02 -6.011308098161485702e+00
2.528528528528528625e+02 -6.013160887039759039e+00
2.531531531531531698e+02 -6.014092757580673521e+00
2.534534534534534487e+02 -6.017942233060178836e+00
2.537537537537537560e+02 -6.017386985468347049e+00
2.540540540540540633e+02 -6.018889075944767519e+00
2.543543543543543706e+02 -6.017490679674564191e+00
2.546546546546546494e+02 -6.017683415614974329e+00
2.549549549549549567e+02 -6.018515472713311887e+00
2.552552552552552640e+02 -6.017602871685228116e+00
2.555555555555555713e+02 -6.016742666080705959e+00
2.558558558558558502e+02 -6.014882096680795875e+00
2.561561561561561575e+02 -6.013709606094312932e+00
2.564564564564564648e+02 -6.010100446441806632e+00
2.567567567567567721e+02 -6.005235142620810151e+00
2.570570570570570794e+02 -6.001080578646751817e+00
2.573573573573573867e+02 -5.997569140818693079e+00
2.576576576576576372e+02 -5.993300974642972179e+00
2.579579579579579445e+02 -5.987490342684702149e+00
2.582582582582582518e+02 -5.984107925261550776e+00
2.585585585585585591e+02 -5.979084332623783915e+00
2.588588588588588664e+02 -5.975242715046535480e+00
2.591591591591591737e+02 -5.972523524695840358e+00
2.594594594594594810e+02 -5.970229368432131700e+00
2.597597597597597883e+02 -5.967458616626974077e+00
2.600600600600600387e+02 -5.964128603851649224e+00
2.603603603603603460e+02 -5.961365801708866208e+00
2.606606606606606533e+02 -5.958830645326655073e+00
2.609609609609609606e+02 -5.954184551215672805e+00
2.612612612612612679e+02 -5.953089348260072633e+00
2.615615615615615752e+02 -5.952477118523566091e+00
2.618618618618618825e+02 -5.950583662253523087e+00
2.621621621621621898e+02 -5.949158181850701332e+00
2.624624624624624403e+02 -5.950490925552342603e+00
2.627627627627627476e+02 -5.948572797219611630e+00
2.630630630630630549e+02 -5.946390482908607389e+00
2.633633633633633622e+02 -5.945388709313484732e+00
2.636636636636636695e+02 -5.943944689201329901e+00
2.639639639639639768e+02 -5.946087733689084054e+00
2.642642642642642841e+02 -5.946409670386739066e+00
2.645645645645645914e+02 -5.947302211900992397e+00
2.648648648648648418e+02 -5.948655370779118989e+00
2.651651651651651491e+02 -5.946388233948264990e+00
2.654654654654654564e+02 -5.946102403658992230e+00
2.657657657657657637e+02 -5.946658680096934546e+00
2.660660660660660710e+02 -5.947247032776928677e+00
2.663663663663663783e+02 -5.949826552424631210e+00
2.666666666666666856e+02 -5.952089242180481854e+00
2.669669669669669929e+02 -5.950973451841147011e+00
2.672672672672672434e+02 -5.952812553203357560e+00
2.675675675675675507e+02 -5.956976418922387495e+00
2.678678678678678580e+02 -5.958029663602895987e+00
2.681681681681681653e+02 -5.958214707760099316e+00
2.684684684684684726e+02 -5.959515221945189900e+00
2.687687687687687799e+02 -5.960281438246363805e+00
2.690690690690690872e+02 -5.961171534127522875e+00
2.693693693693693945e+02 -5.960419171300564756e+00
2.696696696696697018e+02 -5.962354780473898330e+00
2.699699699699699522e+02 -5.964520355133179130e+00
2.702702702702702595e+02 -5.964548474761741659e+00
2.705705705705705668e+02 -5.967326470385773796e+00
2.708708708708708741e+02 -5.966740997734348184e+00
2.711711711711711814e+02 -5.968804620592803367e+00
2.714714714714714887e+02 -5.968152867255569483e+00
2.717717717717717960e+02 -5.967613886966773862e+00
2.720720720720721033e+02 -5.966695164934562534e+00
2.723723723723723538e+02 -5.967379174192788405e+00
2.726726726726726611e+02 -5.968431930003813335e+00
2.729729729729729684e+02 -5.969157702239512808e+00
2.732732732732732757e+02 -5.970447851737517020e+00
2.735735735735735830e+02 -5.972333922527575112e+00
2.738738738738738903e+02 -5.976632863707642684e+00
2.741741741741741976e+02 -5.981518276418840152e+00
2.744744744744745049e+02 -5.979853115060597801e+00
2.747747747747747553e+02 -5.979920936394950814e+00
2.750750750750750626e+02 -5.981361836486263073e+00
2.753753753753753699e+02 -5.983666286719480532e+00
2.756756756756756772e+02 -5.989059616811058362e+00
2.759759759759759845e+02 -5.994117134558237581e+00
2.762762762762762918e+02 -5.996101974147852509e+00
2.765765765765765991e+02 -5.999462934081323695e+00
2.768768768768769064e+02 -6.002507499346055653e+00
2.771771771771771569e+02 -6.009246732655149970e+00
2.774774774774774642e+02 -6.015907815192615971e+00
2.777777777777777715e+02 -6.021388799507617406e+00
2.780780780780780788e+02 -6.018416727744592798e+00
2.783783783783783861e+02 -6.018120176124347687e+00
2.786786786786786934e+02 -6.018534407254328755e+00
2.789789789789790007e+02 -6.018966954589177298e+00
2.792792792792793080e+02 -6.019386261731245469e+00
2.795795795795795584e+02 -6.020960864961522496e+00
2.798798798798798657e+02 -6.020265153163802729e+00
2.801801801801801730e+02 -6.020217532260608628e+00
2.804804804804804803e+02 -6.018510274013601169e+00
2.807807807807807876e+02 -6.015507276181532248e+00
2.810810810810810949e+02 -6.010604777750933714e+00
2.813813813813814022e+02 -6.005110808944107426e+00
2.816816816816817095e+02 -5.999421545007869838e+00
2.819819819819819600e+02 -5.995708814136136766e+00
2.822822822822822673e+02 -5.990990867798275055e+00
2.825825825825825746e+02 -5.986613506089243586e+00
2.828828828828828819e+02 -5.981803476676847531e+00
2.831831831831831892e+02 -5.977369494291701280e+00
2.834834834834834965e+02 -5.970502173304888416e+00
2.837837837837838038e+02 -5.970285951535693414e+00
2.840840840840841111e+02 -5.965403986160529470e+00
2.843843843843843615e+02 -5.959808901494619171e+00
2.846846846846846688e+02 -5.953458577423481835e+00
2.849849849849849761e+02 -5.954786106329419404e+00
2.852852852852852834e+02 -5.954516487811519987e+00
2.855855855855855907e+02 -5.958490134952740824e+00
2.858858858858858980e+02 -5.963967724546486160e+00
2.861861861861862053e+02 -5.970310892665021463e+00
2.864864864864865126e+02 -5.982314709297634536e+00
2.867867867867867631e+02 -5.991505841042385150e+00
2.870870870870870704e+02 -6.003822151966993204e+00
2.873873873873873777e+02 -6.014210674216914576e+00
2.876876876876876850e+02 -6.026132293894236547e+00
2.879879879879879923e+02 -6.044176711598431062e+00
2.882882882882882996e+02 -6.051513689550274577e+00
2.885885885885886069e+02 -6.065982417755546585e+00
2.888888888888889142e+02 -6.074711169403252953e+00
2.891891891891892215e+02 -6.074647931630057229e+00
2.894894894894894719e+02 -6.080712757179388639e+00
2.897897897897897792e+02 -6.083259746271226120e+00
2.900900900900900865e+02 -6.076943798823286613e+00
2.903903903903903938e+02 -6.067897998325252118e+00
2.906906906906907011e+02 -6.051359111250340206e+00
2.909909909909910084e+02 -6.032100506095134484e+00
2.912912912912913157e+02 -6.013352440524859510e+00
2.915915915915916230e+02 -5.993490398657760565e+00
2.918918918918918735e+02 -5.968670569075854360e+00
2.921921921921921808e+02 -5.936468560425978147e+00
2.924924924924924881e+02 -5.907050916141517227e+00
2.927927927927927954e+02 -5.877506402046392076e+00
2.930930930930931027e+02 -5.850516925630406817e+00
2.933933933933934100e+02 -5.822525002045773945e+00
2.936936936936937173e+02 -5.795858731850327850e+00
2.939939939939940245e+02 -5.772422166159763890e+00
2.942942942942942750e+02 -5.765510694957424853e+00
2.945945945945945823e+02 -5.770111983444070169e+00
2.948948948948948896e+02 -5.798014376168102224e+00
2.951951951951951969e+02 -5.846455394554007867e+00
2.954954954954955042e+02 -5.925550257716809988e+00
2.957957957957958115e+02 -6.019465476441124174e+00
2.960960960960961188e+02 -6.118181806726543215e+00
2.963963963963964261e+02 -6.198037119779066018e+00
2.966966966966966766e+02 -6.265113243733081205e+00
2.969969969969969839e+02 -6.275009770004071896e+00
2.972972972972972912e+02 -6.255567845646250902e+00
2.975975975975975985e+02 -6.244260786189801848e+00
2.978978978978979058e+02 -6.253228576391701488e+00
2.981981981981982130e+02 -6.263765788300549531e+00
2.984984984984985203e+02 -6.228083969317617985e+00
2.987987987987988276e+02 -6.205134627774312683e+00
2.990990990990990781e+02 -6.124120068333334110e+00
2.993993993993993854e+02 -5.965464119241881136e+00
2.996996996996996927e+02 -6.413312116644338978e+00
3.000000000000000000e+02 -6.413312116644338978e+00
