4.322173598494884317e+01 -1.864381994766013406e+01
4.337282078605880287e+01 -1.837541380822776205e+01
4.352390558716876257e+01 -1.801239068630279050e+01
4.367499038827872226e+01 -1.773408245639564029e+01
4.382607518938868196e+01 -1.753765721916665044e+01
4.397715999049864166e+01 -1.727318719842123329e+01
4.412824479160860136e+01 -1.705739982307056124e+01
4.427932959271856106e+01 -1.688942386403903839e+01
4.443041439382852076e+01 -1.672195101333359446e+01
4.458149919493848046e+01 -1.657934822881232506e+01
4.473258399604844016e+01 -1.644695909518888044e+01
4.488366879715839985e+01 -1.631527124697840847e+01
4.503475359826836666e+01 -1.616723990157816360e+01
4.518583839937832636e+01 -1.594977043510071013e+01
4.533692320048828606e+01 -1.576801963453575617e+01
4.548800800159824576e+01 -1.536127808401279893e+01
4.563909280270820545e+01 -1.511603769515274998e+01
4.579017760381816515e+01 -1.489597055043688734e+01
4.594126240492812485e+01 -1.473872836419233678e+01
4.609234720603808455e+01 -1.446025836133981812e+01
4.624343200714804425e+01 -1.414740941584130596e+01
4.639451680825800395e+01 -1.389915775506162454e+01
4.654560160936796365e+01 -1.363932345896174780e+01
4.669668641047792335e+01 -1.338919114571316271e+01
4.684777121158788304e+01 -1.317509153374900954e+01
4.699885601269784274e+01 -1.291661163092961573e+01
4.714994081380780244e+01 -1.268472426248688301e+01
4.730102561491776214e+01 -1.254600841891636875e+01
4.745211041602772184e+01 -1.239399136475078400e+01
4.760319521713768154e+01 -1.221684630213868417e+01
4.775428001824764124e+01 -1.204282380417919818e+01
4.790536481935760094e+01 -1.190221034347184137e+01
4.805644962046756064e+01 -1.174735900934802224e+01
4.820753442157752033e+01 -1.153618768569171138e+01
4.835861922268748003e+01 -1.135761416171271065e+01
4.850970402379743973e+01 -1.118029842940726226e+01
4.866078882490739943e+01 -1.104217587845577597e+01
4.881187362601736623e+01 -1.090044228708044471e+01
4.896295842712732593e+01 -1.072123324447377790e+01
4.911404322823728563e+01 -1.056185959153425635e+01
4.926512802934724533e+01 -1.042296470781390560e+01
4.941621283045720503e+01 -1.030449803793988295e+01
4.956729763156716473e+01 -1.022768808799813200e+01
4.971838243267712443e+01 -1.008613635043894696e+01
4.986946723378708413e+01 -1.000113541460057931e+01
5.002055203489704382e+01 -9.901931301663379870e+00
5.017163683600700352e+01 -9.816937885913471717e+00
5.032272163711696322e+01 -9.755929522716161983e+00
5.047380643822692292e+01 -9.769530189993441027e+00
5.062489123933688262e+01 -9.704396979591461303e+00
5.077597604044684232e+01 -9.610843946412824579e+00
5.092706084155680202e+01 -9.494442490967996306e+00
5.107814564266676172e+01 -9.388921764562853767e+00
5.122923044377672142e+01 -9.323249252091683204e+00
5.138031524488668111e+01 -9.225362889232810559e+00
5.153140004599664081e+01 -9.184701340144291848e+00
5.168248484710660762e+01 -9.131853555480800466e+00
5.183356964821656732e+01 -9.093351751315983833e+00
5.198465444932652701e+01 -9.073886260120559655e+00
5.213573925043648671e+01 -9.034433837377717325e+00
5.228682405154644641e+01 -8.994692734824573321e+00
5.243790885265640611e+01 -8.941015444499635478e+00
5.258899365376636581e+01 -8.866278582663392527e+00
5.274007845487632551e+01 -8.829746943734736675e+00
5.289116325598628521e+01 -8.753585308301179424e+00
5.304224805709624491e+01 -8.673602943465914095e+00
5.319333285820620461e+01 -8.562873529336991751e+00
5.334441765931616430e+01 -8.455703503469807814e+00
5.349550246042612400e+01 -8.352276996562133959e+00
5.364658726153608370e+01 -8.255046270442020884e+00
5.379767206264604340e+01 -8.157606506619814013e+00
5.394875686375600310e+01 -8.052493277480571976e+00
5.409984166486596280e+01 -7.953969599863579099e+00
5.425092646597592250e+01 -7.881515860624346281e+00
5.440201126708588220e+01 -7.777281591692606355e+00
5.455309606819584189e+01 -7.659890166650004772e+00
5.470418086930580159e+01 -7.557611681082330612e+00
5.485526567041576129e+01 -7.466201805790344537e+00
5.500635047152572099e+01 -7.363965482763568104e+00
5.515743527263568069e+01 -7.253327950905317678e+00
5.530852007374564039e+01 -7.146211860716697117e+00
5.545960487485560009e+01 -7.041009215295483514e+00
5.561068967596555979e+01 -6.948155655910512429e+00
5.576177447707551948e+01 -6.842723563314597079e+00
5.591285927818547918e+01 -6.766617226947096775e+00
5.606394407929544599e+01 -6.701162688463195849e+00
5.621502888040540569e+01 -6.631341318950449981e+00
5.636611368151536539e+01 -6.568082305858897740e+00
5.651719848262532508e+01 -6.530133560066302856e+00
5.666828328373528478e+01 -6.449370048854189186e+00
5.681936808484524448e+01 -6.343459420457545406e+00
5.697045288595520418e+01 -6.271181163421013949e+00
5.712153768706516388e+01 -6.174610876291885653e+00
5.727262248817512358e+01 -6.088698009310324011e+00
5.742370728928508328e+01 -5.999050363622596471e+00
5.757479209039504298e+01 -5.917828147531537297e+00
5.772587689150500267e+01 -5.832938747421113845e+00
5.787696169261496237e+01 -5.746345918185431501e+00
5.802804649372492207e+01 -5.649664458346281393e+00
5.817913129483488177e+01 -5.566332105422479692e+00
5.833021609594484147e+01 -5.472547766649644707e+00
5.848130089705480117e+01 -5.394761640157704541e+00
5.863238569816476797e+01 -5.326803560882128252e+00
5.878347049927472767e+01 -5.261653697419646392e+00
5.893455530038468737e+01 -5.190011810442682894e+00
5.908564010149464707e+01 -5.113104869528486418e+00
5.923672490260460677e+01 -5.045182767436465987e+00
5.938780970371456647e+01 -4.973430064844396092e+00
5.953889450482452617e+01 -4.904822033553159599e+00
5.968997930593448586e+01 -4.838531382422281979e+00
5.984106410704444556e+01 -4.774707282448074963e+00
5.999214890815440526e+01 -4.715409968608589963e+00
6.014323370926436496e+01 -4.659478971842900386e+00
6.029431851037432466e+01 -4.611609123928531062e+00
6.044540331148428436e+01 -4.559815893150164889e+00
6.059648811259424406e+01 -4.501893877541808919e+00
6.074757291370420376e+01 -4.442954504565634899e+00
6.089865771481416346e+01 -4.398745004285334659e+00
6.104974251592412315e+01 -4.351154937431608971e+00
6.120082731703408285e+01 -4.307329986340447725e+00
6.135191211814404255e+01 -4.269750938746814661e+00
6.150299691925400225e+01 -4.224104454554150401e+00
6.165408172036396195e+01 -4.182410915149803010e+00
6.180516652147392165e+01 -4.153179816456219697e+00
6.195625132258388135e+01 -4.124059569857009500e+00
6.210733612369384105e+01 -4.089090598802501475e+00
6.225842092480380074e+01 -4.051004264604876504e+00
6.240950572591376044e+01 -4.006414890859626432e+00
6.256059052702372014e+01 -3.962817583444069314e+00
6.271167532813367984e+01 -3.921029227493679770e+00
6.286276012924363954e+01 -3.881784308845038556e+00
6.301384493035359924e+01 -3.844122125411251645e+00
6.316492973146355894e+01 -3.798088114591174236e+00
6.331601453257351864e+01 -3.762790980860325263e+00
6.346709933368348544e+01 -3.728555861287837114e+00
6.361818413479344514e+01 -3.699630729516091510e+00
6.376926893590340484e+01 -3.668167177616957542e+00
6.392035373701336454e+01 -3.641515985805599875e+00
6.407143853812331713e+01 -3.604722835001737291e+00
6.422252333923327683e+01 -3.578030647535774822e+00
6.437360814034323653e+01 -3.543372352897661948e+00
6.452469294145319623e+01 -3.516727584842581411e+00
6.467577774256315593e+01 -3.483946473288125123e+00
6.482686254367311562e+01 -3.451963382720617091e+00
6.497794734478307532e+01 -3.426694229627754495e+00
6.512903214589303502e+01 -3.397455911595777867e+00
6.528011694700300893e+01 -3.370850448360123153e+00
6.543120174811296863e+01 -3.347440897198468601e+00
6.558228654922292833e+01 -3.326272953739068949e+00
6.573337135033288803e+01 -3.303970310905535168e+00
6.588445615144284773e+01 -3.293382648943887769e+00
6.603554095255280743e+01 -3.276768453955184235e+00
6.618662575366276712e+01 -3.262914547647492558e+00
6.633771055477272682e+01 -3.249959311315644861e+00
6.648879535588268652e+01 -3.234884839152901481e+00
6.663988015699264622e+01 -3.225742617437207915e+00
6.679096495810260592e+01 -3.219163859678771278e+00
6.694204975921256562e+01 -3.210606079374298094e+00
6.709313456032252532e+01 -3.204904624913113675e+00
6.724421936143248502e+01 -3.193909313732019140e+00
6.739530416254244471e+01 -3.176967482531744658e+00
6.754638896365240441e+01 -3.168187404068537383e+00
6.769747376476236411e+01 -3.167505819728118954e+00
6.784855856587232381e+01 -3.158574276025385430e+00
6.799964336698228351e+01 -3.145880060288611002e+00
6.815072816809224321e+01 -3.138593570568856794e+00
6.830181296920220291e+01 -3.131059831278641958e+00
6.845289777031216261e+01 -3.127847501156286292e+00
6.860398257142212231e+01 -3.122764898217841534e+00
6.875506737253208200e+01 -3.121536766403733676e+00
6.890615217364204170e+01 -3.122940049386084382e+00
6.905723697475200140e+01 -3.120509131215439602e+00
6.920832177586196110e+01 -3.122566371398146856e+00
6.935940657697192080e+01 -3.124220535983904146e+00
6.951049137808188050e+01 -3.124625382727544309e+00
6.966157617919184020e+01 -3.129424568786337790e+00
6.981266098030179990e+01 -3.137445800197839585e+00
6.996374578141175959e+01 -3.144156209592160689e+00
7.011483058252171929e+01 -3.142008428473292980e+00
7.026591538363167899e+01 -3.131716672191728001e+00
7.041700018474163869e+01 -3.128840576331465506e+00
7.056808498585161260e+01 -3.128897305783390426e+00
7.071916978696157230e+01 -3.127948293352248665e+00
7.087025458807153200e+01 -3.128940165949565255e+00
7.102133938918149170e+01 -3.131732411493066248e+00
7.117242419029145140e+01 -3.129894455290647137e+00
7.132350899140141109e+01 -3.129580456648326070e+00
7.147459379251137079e+01 -3.125090561219061591e+00
7.162567859362133049e+01 -3.130345985293297773e+00
7.177676339473129019e+01 -3.128640971833708484e+00
7.192784819584124989e+01 -3.132640614059005735e+00
7.207893299695120959e+01 -3.134585538791675230e+00
7.223001779806116929e+01 -3.137688371449635749e+00
7.238110259917112899e+01 -3.147698662386884561e+00
7.253218740028108869e+01 -3.156337339063913561e+00
7.268327220139104838e+01 -3.169432744824135284e+00
7.283435700250100808e+01 -3.178039028352044770e+00
7.298544180361096778e+01 -3.178028149493769661e+00
7.313652660472092748e+01 -3.192778424320600994e+00
7.328761140583088718e+01 -3.192596638281633759e+00
7.343869620694084688e+01 -3.201373534800646237e+00
7.358978100805080658e+01 -3.212461349242820230e+00
7.374086580916076628e+01 -3.223211889116929019e+00
7.389195061027072597e+01 -3.236178163508114825e+00
7.404303541138068567e+01 -3.247632474537629044e+00
7.419412021249064537e+01 -3.254420935333108389e+00
7.434520501360060507e+01 -3.263675082089266599e+00
7.449628981471056477e+01 -3.272880715774790783e+00
7.464737461582052447e+01 -3.280545151691349748e+00
7.479845941693048417e+01 -3.294006218764310656e+00
7.494954421804044387e+01 -3.306784086140519108e+00
7.510062901915040356e+01 -3.314540800581376789e+00
7.525171382026036326e+01 -3.320583537660493523e+00
7.540279862137032296e+01 -3.325778192867643313e+00
7.555388342248028266e+01 -3.331070369741373494e+00
7.570496822359024236e+01 -3.342991121569787616e+00
7.585605302470020206e+01 -3.349620917826486632e+00
7.600713782581016176e+01 -3.364659541445762958e+00
7.615822262692012146e+01 -3.379854045193376955e+00
7.630930742803008116e+01 -3.392700751515684399e+00
7.646039222914004085e+01 -3.403745393565686062e+00
7.661147703025000055e+01 -3.410290487513932600e+00
7.676256183135996025e+01 -3.422856349928430131e+00
7.691364663246991995e+01 -3.436099225422722281e+00
7.706473143357987965e+01 -3.446427094123641677e+00
7.721581623468983935e+01 -3.461956085771287661e+00
7.736690103579979905e+01 -3.479619779029241133e+00
7.751798583690975875e+01 -3.486694539775960333e+00
7.766907063801971844e+01 -3.496137719761352347e+00
7.782015543912967814e+01 -3.516878558932747367e+00
7.797124024023963784e+01 -3.532914984310551176e+00
7.812232504134959754e+01 -3.545654685027422204e+00
7.827340984245955724e+01 -3.563201966308764845e+00
7.842449464356951694e+01 -3.579823003156325179e+00
7.857557944467947664e+01 -3.584676238563396122e+00
7.872666424578943634e+01 -3.597651567812106155e+00
7.887774904689939603e+01 -3.618700730971007307e+00
7.902883384800935573e+01 -3.640096333951833074e+00
7.917991864911931543e+01 -3.649321131107257532e+00
7.933100345022927513e+01 -3.668409574782320437e+00
7.948208825133923483e+01 -3.680301779242346694e+00
7.963317305244919453e+01 -3.695313740970397998e+00
7.978425785355915423e+01 -3.716727830003660582e+00
7.993534265466911393e+01 -3.722929069682481718e+00
8.008642745577907363e+01 -3.733429820089096740e+00
8.023751225688904753e+01 -3.743336868354705249e+00
8.038859705799900723e+01 -3.743862219156615989e+00
8.053968185910896693e+01 -3.751533966186043401e+00
8.069076666021892663e+01 -3.759823299659469598e+00
8.084185146132888633e+01 -3.765891595414878168e+00
8.099293626243884603e+01 -3.777760778054596535e+00
8.114402106354880573e+01 -3.800330133286019763e+00
8.129510586465876543e+01 -3.821227910768378422e+00
8.144619066576872513e+01 -3.843243804489040460e+00
8.159727546687868482e+01 -3.858250948750795661e+00
8.174836026798864452e+01 -3.851983387199406472e+00
8.189944506909860422e+01 -3.853656984289488108e+00
8.205052987020856392e+01 -3.864626059621639964e+00
8.220161467131852362e+01 -3.879640045887297273e+00
8.235269947242848332e+01 -3.888033924837970723e+00
8.250378427353844302e+01 -3.909120467395869269e+00
8.265486907464840272e+01 -3.923967875853228371e+00
8.280595387575836241e+01 -3.936644024030281130e+00
8.295703867686832211e+01 -3.954704200794194602e+00
8.310812347797828181e+01 -3.965147343655991641e+00
8.325920827908824151e+01 -3.967098642721089252e+00
8.341029308019820121e+01 -3.972834102224211072e+00
8.356137788130816091e+01 -3.997411304734164617e+00
8.371246268241813482e+01 -4.017275499488770052e+00
8.386354748352809452e+01 -4.028412061951445189e+00
8.401463228463805422e+01 -4.041008807020419091e+00
8.416571708574801391e+01 -4.048156223845905899e+00
8.431680188685797361e+01 -4.060829017296899046e+00
8.446788668796793331e+01 -4.065818941016761556e+00
8.461897148907789301e+01 -4.075949815417620137e+00
8.477005629018785271e+01 -4.089997601606958355e+00
8.492114109129781241e+01 -4.101229243656696610e+00
8.507222589240777211e+01 -4.114629441686648015e+00
8.522331069351773181e+01 -4.133950636411245938e+00
8.537439549462769151e+01 -4.146615346980532912e+00
8.552548029573765120e+01 -4.164829134367450614e+00
8.567656509684761090e+01 -4.170190889483801122e+00
8.582764989795757060e+01 -4.175523344276126814e+00
8.597873469906753030e+01 -4.197286555469367464e+00
8.612981950017749000e+01 -4.214646354973988096e+00
8.628090430128744970e+01 -4.229120782538979384e+00
8.643198910239740940e+01 -4.244002711445854281e+00
8.658307390350736910e+01 -4.253721246535242528e+00
8.673415870461732879e+01 -4.267529534628107690e+00
8.688524350572728849e+01 -4.279095961265825920e+00
8.703632830683724819e+01 -4.292161740449542684e+00
8.718741310794720789e+01 -4.304003580376297045e+00
8.733849790905716759e+01 -4.305559525781581520e+00
8.748958271016712729e+01 -4.310454074233194710e+00
8.764066751127708699e+01 -4.326801424324872691e+00
8.779175231238704669e+01 -4.331849506397965399e+00
8.794283711349700638e+01 -4.350060998716321237e+00
8.809392191460696608e+01 -4.368180920938018907e+00
8.824500671571692578e+01 -4.389552009005400102e+00
8.839609151682688548e+01 -4.412933367314757049e+00
8.854717631793684518e+01 -4.420836659498183607e+00
8.869826111904680488e+01 -4.424783448939022534e+00
8.884934592015676458e+01 -4.443200745713270727e+00
8.900043072126672428e+01 -4.459150801493819927e+00
8.915151552237668398e+01 -4.471904295257450812e+00
8.930260032348664367e+01 -4.494013755770987828e+00
8.945368512459660337e+01 -4.517350876313344976e+00
8.960476992570656307e+01 -4.531544884570340770e+00
8.975585472681652277e+01 -4.562328546880170421e+00
8.990693952792648247e+01 -4.573667661419007047e+00
9.005802432903644217e+01 -4.581965402163179490e+00
9.020910913014640187e+01 -4.590913201399360766e+00
9.036019393125636157e+01 -4.606895125685386283e+00
9.051127873236632126e+01 -4.619532501647723777e+00
9.066236353347628096e+01 -4.637500668124499903e+00
9.081344833458624066e+01 -4.646731450933255125e+00
9.096453313569620036e+01 -4.655773142007308074e+00
9.111561793680616006e+01 -4.680375880196884886e+00
9.126670273791611976e+01 -4.696245560093379900e+00
9.141778753902607946e+01 -4.720600664434445370e+00
9.156887234013603916e+01 -4.739899414352729323e+00
9.171995714124599886e+01 -4.756892538285769412e+00
9.187104194235595855e+01 -4.770070295460886456e+00
9.202212674346591825e+01 -4.784513045541327614e+00
9.217321154457587795e+01 -4.799912349879904561e+00
9.232429634568583765e+01 -4.818058869519396659e+00
9.247538114679579735e+01 -4.827918721747240127e+00
9.262646594790575705e+01 -4.837889670509173179e+00
9.277755074901571675e+01 -4.846090114703282659e+00
9.292863555012567645e+01 -4.856419914065476462e+00
9.307972035123563614e+01 -4.856716022001153377e+00
9.323080515234559584e+01 -4.856227766142190205e+00
9.338188995345555554e+01 -4.866152823053128351e+00
9.353297475456551524e+01 -4.883811011794287005e+00
9.368405955567547494e+01 -4.891729968601763012e+00
9.383514435678543464e+01 -4.905685804565471209e+00
9.398622915789539434e+01 -4.913198842187981086e+00
9.413731395900535404e+01 -4.920091383704881416e+00
9.428839876011532795e+01 -4.928480486610968825e+00
9.443948356122528764e+01 -4.927025792915047830e+00
9.459056836233524734e+01 -4.934993214915482262e+00
9.474165316344520704e+01 -4.938614071857875487e+00
9.489273796455516674e+01 -4.947197098568656415e+00
9.504382276566512644e+01 -4.951223186974506696e+00
9.519490756677508614e+01 -4.956350886193688687e+00
9.534599236788504584e+01 -4.957427267861755027e+00
9.549707716899500554e+01 -4.956441566777824548e+00
9.564816197010496523e+01 -4.966068488909138878e+00
9.579924677121492493e+01 -4.979275880712233260e+00
9.595033157232488463e+01 -4.994900995936729871e+00
9.610141637343484433e+01 -5.009112932875336099e+00
9.625250117454480403e+01 -5.028899758215824356e+00
9.640358597565476373e+01 -5.047870433981230143e+00
9.655467077676472343e+01 -5.053585331785408030e+00
9.670575557787468313e+01 -5.064207184784502935e+00
9.685684037898464283e+01 -5.068681520897210468e+00
9.700792518009460252e+01 -5.083191273881053185e+00
9.715900998120456222e+01 -5.101924053516631474e+00
9.731009478231452192e+01 -5.117356368804755640e+00
9.746117958342448162e+01 -5.129281427400090188e+00
9.761226438453444132e+01 -5.131361697388140186e+00
9.776334918564441523e+01 -5.147049204052238203e+00
9.791443398675437493e+01 -5.145487612630457619e+00
9.806551878786433463e+01 -5.152186093668104760e+00
9.821660358897429433e+01 -5.177125770643796088e+00
9.836768839008425402e+01 -5.175474925958480910e+00
9.851877319119421372e+01 -5.169662079924752796e+00
9.866985799230417342e+01 -5.165326233661720501e+00
9.882094279341413312e+01 -5.169908539233448508e+00
9.897202759452409282e+01 -5.175096993701596482e+00
9.912311239563405252e+01 -5.183131551120688130e+00
9.927419719674401222e+01 -5.204810284827468436e+00
9.942528199785397192e+01 -5.213428704653368939e+00
9.957636679896393161e+01 -5.223964315272153769e+00
9.972745160007389131e+01 -5.222134919510378559e+00
9.987853640118385101e+01 -5.228818968647214405e+00
1.000296212022938107e+02 -5.240508857988062985e+00
1.001807060034037704e+02 -5.253570075604542922e+00
1.003317908045137301e+02 -5.266457587266336837e+00
1.004828756056236898e+02 -5.270581193601280745e+00
1.006339604067336495e+02 -5.264605511783599034e+00
1.007850452078436092e+02 -5.262967354486941751e+00
1.009361300089535689e+02 -5.257910253155310798e+00
1.010872148100635286e+02 -5.265007079770051668e+00
1.012382996111734883e+02 -5.271867904689202966e+00
1.013893844122834480e+02 -5.276447796964824022e+00
1.015404692133934077e+02 -5.280193814835580923e+00
1.016915540145033674e+02 -5.287643696048347941e+00
1.018426388156133271e+02 -5.298645559589607146e+00
1.019937236167232868e+02 -5.302634231331786019e+00
1.021448084178332465e+02 -5.305507216516397229e+00
1.022958932189432062e+02 -5.307683170314313692e+00
1.024469780200531659e+02 -5.319583900072879956e+00
1.025980628211631256e+02 -5.321688109215062745e+00
1.027491476222730853e+02 -5.315708458044540841e+00
1.029002324233830450e+02 -5.310163815724182612e+00
1.030513172244930047e+02 -5.318236751093203374e+00
1.032024020256029644e+02 -5.324536781208521141e+00
1.033534868267129241e+02 -5.338943163391789426e+00
1.035045716278228838e+02 -5.341951834154337497e+00
1.036556564289328435e+02 -5.347501263641696312e+00
1.038067412300428032e+02 -5.357760474162627240e+00
1.039578260311527629e+02 -5.373462422656820614e+00
1.041089108322627226e+02 -5.383881137758717017e+00
1.042599956333726823e+02 -5.405221006411891516e+00
1.044110804344826420e+02 -5.411567145237392573e+00
1.045621652355926017e+02 -5.424393730107670564e+00
1.047132500367025614e+02 -5.427942718495937235e+00
1.048643348378125211e+02 -5.443109516027383243e+00
1.050154196389224808e+02 -5.456391007309519203e+00
1.051665044400324405e+02 -5.471783024450787458e+00
1.053175892411424002e+02 -5.489410385256133118e+00
1.054686740422523599e+02 -5.503793359483518444e+00
1.056197588433623196e+02 -5.524060084776995616e+00
1.057708436444722793e+02 -5.554573810012169766e+00
1.059219284455822390e+02 -5.581634481769893519e+00
1.060730132466921987e+02 -5.588904090116041168e+00
1.062240980478021584e+02 -5.593119934726415998e+00
1.063751828489121181e+02 -5.617769043885390445e+00
1.065262676500220778e+02 -5.636302437241464958e+00
1.066773524511320375e+02 -5.665998508259015409e+00
1.068284372522419972e+02 -5.689878811935597192e+00
1.069795220533519569e+02 -5.714852644213721078e+00
1.071306068544619166e+02 -5.731010332003619645e+00
1.072816916555718763e+02 -5.748829515620776931e+00
1.074327764566818360e+02 -5.754977677372961509e+00
1.075838612577917957e+02 -5.756869079667351841e+00
1.077349460589017554e+02 -5.764541284576119473e+00
1.078860308600117150e+02 -5.768129149019956436e+00
1.080371156611216747e+02 -5.772233143637382824e+00
1.081882004622316344e+02 -5.775596559975842759e+00
1.083392852633415941e+02 -5.780090118735937921e+00
1.084903700644515538e+02 -5.778052963173596623e+00
1.086414548655615135e+02 -5.785056429248814247e+00
1.087925396666714732e+02 -5.788123637418418177e+00
1.089436244677814329e+02 -5.796413294114284298e+00
1.090947092688913926e+02 -5.810783499294458032e+00
1.092457940700013523e+02 -5.812332425278689207e+00
1.093968788711113120e+02 -5.812753089692288100e+00
1.095479636722212717e+02 -5.810936129552074725e+00
1.096990484733312314e+02 -5.808807779481440114e+00
1.098501332744411911e+02 -5.813783121016018463e+00
1.100012180755511508e+02 -5.805277448484067904e+00
1.101523028766611390e+02 -5.809249428551911620e+00
1.103033876777710987e+02 -5.816723289706065891e+00
1.104544724788810584e+02 -5.818521829046104266e+00
1.106055572799910180e+02 -5.837913614792146433e+00
1.107566420811009777e+02 -5.863136408812709810e+00
1.109077268822109374e+02 -5.878875400364397485e+00
1.110588116833208971e+02 -5.882909688316820151e+00
1.112098964844308568e+02 -5.891846623083134560e+00
1.113609812855408165e+02 -5.918697419356566236e+00
1.115120660866507762e+02 -5.937754673264350025e+00
1.116631508877607359e+02 -5.953098227191495617e+00
1.118142356888706956e+02 -5.966551078866524804e+00
1.119653204899806553e+02 -5.983946657326498553e+00
1.121164052910906150e+02 -5.995363936609521716e+00
1.122674900922005747e+02 -6.013330075119438511e+00
1.124185748933105344e+02 -6.016840425513818147e+00
1.125696596944204941e+02 -6.038311752505698848e+00
1.127207444955304538e+02 -6.044237035527027402e+00
1.128718292966404135e+02 -6.049241359350563840e+00
1.130229140977503732e+02 -6.060097801825599539e+00
1.131739988988603329e+02 -6.073602888735787353e+00
1.133250836999702926e+02 -6.087823900058463522e+00
1.134761685010802523e+02 -6.110515745707800761e+00
1.136272533021902120e+02 -6.117031311297895790e+00
1.137783381033001717e+02 -6.129943636569631593e+00
1.139294229044101314e+02 -6.130196796542561444e+00
1.140805077055200911e+02 -6.155391710159736185e+00
1.142315925066300508e+02 -6.179949039781222453e+00
1.143826773077400105e+02 -6.177221193079999395e+00
1.145337621088499702e+02 -6.187945871796805442e+00
1.146848469099599299e+02 -6.203477955964089574e+00
1.148359317110698896e+02 -6.219030233039086752e+00
1.149870165121798493e+02 -6.234960065368116311e+00
1.151381013132898090e+02 -6.237596410276741388e+00
1.152891861143997687e+02 -6.251318117452805190e+00
1.154402709155097284e+02 -6.268153825280875502e+00
1.155913557166196881e+02 -6.279456600934351762e+00
1.157424405177296478e+02 -6.282108406754859153e+00
1.158935253188396075e+02 -6.295451454043966777e+00
1.160446101199495672e+02 -6.307708820662583982e+00
1.161956949210595269e+02 -6.302599150584305754e+00
1.163467797221694866e+02 -6.298666455887281579e+00
1.164978645232794463e+02 -6.302321189380958089e+00
1.166489493243894060e+02 -6.301660558988492866e+00
1.168000341254993657e+02 -6.289025706774238778e+00
1.169511189266093254e+02 -6.273669651879870024e+00
1.171022037277192851e+02 -6.281152745533910675e+00
1.172532885288292448e+02 -6.285687859742004946e+00
1.174043733299392045e+02 -6.289607846645985489e+00
1.175554581310491642e+02 -6.302680715744517492e+00
1.177065429321591239e+02 -6.324249241955915757e+00
1.178576277332690836e+02 -6.348677004036233029e+00
1.180087125343790433e+02 -6.366212999435481024e+00
1.181597973354890030e+02 -6.377183602398767803e+00
1.183108821365989627e+02 -6.373652608223181026e+00
1.184619669377089224e+02 -6.374111752570616574e+00
1.186130517388188821e+02 -6.384809083416772779e+00
1.187641365399288418e+02 -6.388208693665724525e+00
1.189152213410388015e+02 -6.397281844155311425e+00
1.190663061421487612e+02 -6.418156363300993483e+00
1.192173909432587209e+02 -6.430503905332806802e+00
1.193684757443686806e+02 -6.452926827667378795e+00
1.195195605454786403e+02 -6.484190062112079822e+00
1.196706453465886000e+02 -6.496091622863164439e+00
1.198217301476985597e+02 -6.514926752274098121e+00
1.199728149488085194e+02 -6.533518713998188510e+00
1.201238997499184791e+02 -6.552427255859876176e+00
1.202749845510284388e+02 -6.560850458904043059e+00
1.204260693521383985e+02 -6.573441052458532496e+00
1.205771541532483582e+02 -6.594106952432533753e+00
1.207282389543583179e+02 -6.622552188931916994e+00
1.208793237554682776e+02 -6.653840892145247210e+00
1.210304085565782373e+02 -6.691765091887173611e+00
1.211814933576881970e+02 -6.713716378748519453e+00
1.213325781587981567e+02 -6.743050250118848510e+00
1.214836629599081164e+02 -6.776405312932365810e+00
1.216347477610180761e+02 -6.816123946754318652e+00
1.217858325621280358e+02 -6.843733979151506830e+00
1.219369173632379955e+02 -6.856654945808257295e+00
1.220880021643479552e+02 -6.890325273769081882e+00
1.222390869654579149e+02 -6.919174660201068860e+00
1.223901717665678746e+02 -6.935519609252433604e+00
1.225412565676778343e+02 -6.953523899730753577e+00
1.226923413687877940e+02 -6.977550029889422412e+00
1.228434261698977537e+02 -6.989478169624296910e+00
1.229945109710077134e+02 -6.993627779916775644e+00
1.231455957721176731e+02 -6.987894240402994228e+00
1.232966805732276327e+02 -6.990497910002139825e+00
1.234477653743375924e+02 -7.007450846457884630e+00
1.235988501754475521e+02 -7.020978217541279598e+00
1.237499349765575118e+02 -7.032573747361727357e+00
1.239010197776674715e+02 -7.043741981733038671e+00
1.240521045787774312e+02 -7.035832361875727692e+00
1.242031893798874194e+02 -7.044504000149163225e+00
1.243542741809973791e+02 -7.053296508360200612e+00
1.245053589821073388e+02 -7.030473786601327824e+00
1.246564437832172985e+02 -7.029908420660351709e+00
1.248075285843272582e+02 -7.039902171447559809e+00
1.249586133854372179e+02 -7.039322296054653094e+00
1.251096981865471776e+02 -7.045083251223615228e+00
1.252607829876571373e+02 -7.061835608142922105e+00
1.254118677887670970e+02 -7.050920278866326996e+00
1.255629525898770567e+02 -7.045398539991974296e+00
1.257140373909870164e+02 -7.035460671278374711e+00
1.258651221920969761e+02 -7.027312288595019218e+00
1.260162069932069357e+02 -7.013110264574559771e+00
1.261672917943168954e+02 -6.995197961115414920e+00
1.263183765954268551e+02 -6.989975888294027939e+00
1.264694613965368148e+02 -6.980537156688386702e+00
1.266205461976467745e+02 -6.988659677469355458e+00
1.267716309987567342e+02 -6.981182512320061484e+00
1.269227157998666939e+02 -6.977956726458829806e+00
1.270738006009766536e+02 -6.987303691769287006e+00
1.272248854020866133e+02 -6.992876596630294372e+00
1.273759702031965730e+02 -6.990976832845682942e+00
1.275270550043065327e+02 -6.989074729060755331e+00
1.276781398054164924e+02 -6.996161183150918284e+00
1.278292246065264521e+02 -7.006208701815221929e+00
1.279803094076364118e+02 -7.005509950594486668e+00
1.281313942087463715e+02 -7.025051079874828908e+00
1.282824790098563312e+02 -7.027577818923015585e+00
1.284335638109662909e+02 -7.038183793263719679e+00
1.285846486120762506e+02 -7.069447952430573778e+00
1.287357334131862103e+02 -7.090562278684863884e+00
1.288868182142961700e+02 -7.105877958066597166e+00
1.290379030154061297e+02 -7.109453967021174492e+00
1.291889878165160894e+02 -7.128643032418496617e+00
1.293400726176260491e+02 -7.116139839807537726e+00
1.294911574187360088e+02 -7.113657044870560497e+00
1.296422422198459685e+02 -7.114073038620522205e+00
1.297933270209559282e+02 -7.128627657145237606e+00
1.299444118220658879e+02 -7.153253687625618973e+00
1.300954966231758476e+02 -7.177238134759844179e+00
1.302465814242858073e+02 -7.200380693267248944e+00
1.303976662253957670e+02 -7.217879816798098425e+00
1.305487510265057267e+02 -7.215118217437942683e+00
1.306998358276156864e+02 -7.241533054503463518e+00
1.308509206287256461e+02 -7.254822312622033031e+00
1.310020054298356058e+02 -7.289883663032106220e+00
1.311530902309455655e+02 -7.304387082978308854e+00
1.313041750320555252e+02 -7.312988105851713883e+00
1.314552598331654849e+02 -7.316261377938526600e+00
1.316063446342754446e+02 -7.349375651250592334e+00
1.317574294353854043e+02 -7.382451340376686488e+00
1.319085142364953640e+02 -7.406729863056644270e+00
1.320595990376053237e+02 -7.425393473316664661e+00
1.322106838387152834e+02 -7.441196724885731584e+00
1.323617686398252431e+02 -7.471623360611920894e+00
1.325128534409352028e+02 -7.496763114102113157e+00
1.326639382420451625e+02 -7.532456129701841085e+00
1.328150230431551222e+02 -7.574434875522149113e+00
1.329661078442650819e+02 -7.604795913390613116e+00
1.331171926453750416e+02 -7.642208946693058280e+00
1.332682774464850013e+02 -7.676515671642147431e+00
1.334193622475949610e+02 -7.691740606937169211e+00
1.335704470487049207e+02 -7.737909901804274071e+00
1.337215318498148804e+02 -7.760738976488111618e+00
1.338726166509248401e+02 -7.770727278245233016e+00
1.340237014520347998e+02 -7.786333293538835854e+00
1.341747862531447595e+02 -7.815455163378087100e+00
1.343258710542547192e+02 -7.853792266054417048e+00
1.344769558553646789e+02 -7.886451288682620131e+00
1.346280406564746386e+02 -7.901101915360525751e+00
1.347791254575845983e+02 -7.921812971011597426e+00
1.349302102586945580e+02 -7.933526367897535181e+00
1.350812950598045177e+02 -7.954521462627126560e+00
1.352323798609144774e+02 -7.955028566548064894e+00
1.353834646620244371e+02 -7.980552986298063090e+00
1.355345494631343968e+02 -8.005918103003754283e+00
1.356856342642443565e+02 -8.001194222727246341e+00
1.358367190653543162e+02 -8.001994680270415827e+00
1.359878038664642759e+02 -8.018903086963231175e+00
1.361388886675742356e+02 -8.021189640754981198e+00
1.362899734686841953e+02 -8.015199849756806216e+00
1.364410582697941550e+02 -8.023860018657320126e+00
1.365921430709041147e+02 -8.028259072860086221e+00
1.367432278720140744e+02 -8.023064012320434202e+00
1.368943126731240341e+02 -8.015846556030256309e+00
1.370453974742339938e+02 -8.000704957028203168e+00
1.371964822753439535e+02 -8.000545402003893969e+00
1.373475670764539132e+02 -7.995991897085897193e+00
1.374986518775638729e+02 -7.998576658126157035e+00
1.376497366786738326e+02 -7.984848724007547638e+00
1.378008214797837923e+02 -7.986265159426433335e+00
1.379519062808937520e+02 -8.005659569956900867e+00
1.381029910820037117e+02 -8.016232857893715646e+00
1.382540758831136998e+02 -8.012233335181145222e+00
1.384051606842236595e+02 -8.015160415920458803e+00
1.385562454853336192e+02 -8.003953570767532000e+00
1.387073302864435789e+02 -7.991204005780750741e+00
1.388584150875535386e+02 -8.001686607142346475e+00
1.390094998886634983e+02 -8.009193292326859392e+00
1.391605846897734580e+02 -8.017445463824484975e+00
1.393116694908834177e+02 -8.015977074928295920e+00
1.394627542919933774e+02 -8.031625126226069611e+00
1.396138390931033371e+02 -8.054968745226123161e+00
1.397649238942132968e+02 -8.072614215274352745e+00
1.399160086953232565e+02 -8.092953243379021444e+00
1.400670934964332162e+02 -8.136121882573474906e+00
1.402181782975431759e+02 -8.141767713833457876e+00
1.403692630986531356e+02 -8.155254669602911122e+00
1.405203478997630953e+02 -8.155701764246904517e+00
1.406714327008730550e+02 -8.151617789921537849e+00
1.408225175019830147e+02 -8.176013455397482588e+00
1.409736023030929744e+02 -8.184302926523814747e+00
1.411246871042029341e+02 -8.225201944882867267e+00
1.412757719053128938e+02 -8.261526123445813496e+00
1.414268567064228534e+02 -8.291461684956988876e+00
1.415779415075328131e+02 -8.312629957249695778e+00
1.417290263086427728e+02 -8.347384142176581534e+00
1.418801111097527325e+02 -8.378422697587589951e+00
1.420311959108626922e+02 -8.408228957072449106e+00
1.421822807119726519e+02 -8.425837395377776318e+00
1.423333655130826116e+02 -8.467861052975793612e+00
1.424844503141925713e+02 -8.512337199839771884e+00
1.426355351153025310e+02 -8.511583070241005800e+00
1.427866199164124907e+02 -8.527504636314413133e+00
1.429377047175224504e+02 -8.535802208935619362e+00
1.430887895186324101e+02 -8.520850886342337560e+00
1.432398743197423698e+02 -8.525074766205284149e+00
1.433909591208523295e+02 -8.530469287356405417e+00
1.435420439219622892e+02 -8.532327256775298352e+00
1.436931287230722489e+02 -8.507010056874459991e+00
1.438442135241822086e+02 -8.524738782819923699e+00
1.439952983252921683e+02 -8.536969181088501557e+00
1.441463831264021280e+02 -8.527571276415336854e+00
1.442974679275120877e+02 -8.513916678305504249e+00
1.444485527286220474e+02 -8.519640017001226084e+00
1.445996375297320071e+02 -8.494185686413858960e+00
1.447507223308419668e+02 -8.492021922742409856e+00
1.449018071319519265e+02 -8.459534535799505761e+00
1.450528919330618862e+02 -8.456722736656061556e+00
1.452039767341718459e+02 -8.479090471499882042e+00
1.453550615352818056e+02 -8.458633001412168895e+00
1.455061463363917653e+02 -8.438437640229896175e+00
1.456572311375017250e+02 -8.414436600027942248e+00
1.458083159386116847e+02 -8.388998024604434889e+00
1.459594007397216444e+02 -8.383272938258899742e+00
1.461104855408316041e+02 -8.386296319057256810e+00
1.462615703419415638e+02 -8.377517564693720331e+00
1.464126551430515235e+02 -8.387254769765938534e+00
1.465637399441614832e+02 -8.392189392909859436e+00
1.467148247452714429e+02 -8.382264474189884851e+00
1.468659095463814026e+02 -8.392850999684474900e+00
1.470169943474913623e+02 -8.417099799668944726e+00
1.471680791486013220e+02 -8.432278306416124636e+00
1.473191639497112817e+02 -8.443005617063500168e+00
1.474702487508212414e+02 -8.438581677136253845e+00
1.476213335519312011e+02 -8.453969265177821768e+00
1.477724183530411608e+02 -8.491683829927060501e+00
1.479235031541511205e+02 -8.519115166714250620e+00
1.480745879552610802e+02 -8.552360498064267347e+00
1.482256727563710399e+02 -8.577273699086994441e+00
1.483767575574809996e+02 -8.602719104356443935e+00
1.485278423585909593e+02 -8.643777497994056702e+00
1.486789271597009190e+02 -8.681570561810490361e+00
1.488300119608108787e+02 -8.722420421001586988e+00
1.489810967619208384e+02 -8.786302259071481657e+00
1.491321815630307981e+02 -8.831657906987517848e+00
1.492832663641407578e+02 -8.840141404518957913e+00
1.494343511652507175e+02 -8.867516984795605239e+00
1.495854359663606772e+02 -8.898403688499955777e+00
1.497365207674706369e+02 -8.919496006316672165e+00
1.498876055685805966e+02 -8.934834936111021975e+00
1.500386903696905563e+02 -8.933611469660105442e+00
1.501897751708005160e+02 -8.939342883528466288e+00
1.503408599719104757e+02 -8.942027811759713174e+00
1.504919447730204354e+02 -8.935199862663282033e+00
1.506430295741303951e+02 -8.943945277412495898e+00
1.507941143752403548e+02 -8.960549040767057605e+00
1.509451991763503145e+02 -8.955599745109672938e+00
1.510962839774602742e+02 -8.931035974300211677e+00
1.512473687785702339e+02 -8.905366717128446297e+00
1.513984535796801936e+02 -8.878306143378706494e+00
1.515495383807901533e+02 -8.824510872318510835e+00
1.517006231819001130e+02 -8.799412119775386287e+00
1.518517079830100727e+02 -8.789724180568761369e+00
1.520027927841200324e+02 -8.784248908974875647e+00
1.521538775852299921e+02 -8.790756431269144855e+00
1.523049623863399802e+02 -8.740289083204130449e+00
1.524560471874499399e+02 -8.712571713439585253e+00
1.526071319885598996e+02 -8.652520859520810959e+00
1.527582167896698593e+02 -8.624395263358023200e+00
1.529093015907798190e+02 -8.588776130651135432e+00
1.530603863918897787e+02 -8.558583810870208808e+00
1.532114711929997384e+02 -8.528381484258623857e+00
1.533625559941096981e+02 -8.477792347582214560e+00
1.535136407952196578e+02 -8.454861460426299047e+00
1.536647255963296175e+02 -8.477384338098607586e+00
1.538158103974395772e+02 -8.492608813317394478e+00
1.539668951985495369e+02 -8.529974804156820412e+00
1.541179799996594966e+02 -8.523957623357745206e+00
1.542690648007694563e+02 -8.562258836455120203e+00
1.544201496018794160e+02 -8.595707844883172299e+00
1.545712344029893757e+02 -8.665726996820920291e+00
1.547223192040993354e+02 -8.722218473464039334e+00
1.548734040052092951e+02 -8.779750568510179320e+00
1.550244888063192548e+02 -8.844840272809504356e+00
1.551755736074292145e+02 -8.901543348266473643e+00
1.553266584085391742e+02 -9.007370768569019859e+00
1.554777432096491339e+02 -9.097283265732398760e+00
1.556288280107590936e+02 -9.208186897237020219e+00
1.557799128118690533e+02 -9.272288572240480420e+00
1.559309976129790130e+02 -9.292814817793809468e+00
1.560820824140889727e+02 -9.375578681726487673e+00
1.562331672151989324e+02 -9.471624761563671058e+00
1.563842520163088921e+02 -9.573071194245047266e+00
1.565353368174188518e+02 -9.675089893967925292e+00
1.566864216185288115e+02 -9.803725113473984010e+00
1.568375064196387711e+02 -9.936212615599909981e+00
1.569885912207487308e+02 -1.001252655402854330e+01
1.571396760218586905e+02 -1.008951227125226779e+01
1.572907608229686502e+02 -1.024618616133215632e+01
1.574418456240786099e+02 -1.032833956548797261e+01
1.575929304251885696e+02 -1.042609372024782921e+01
1.577440152262985293e+02 -1.054022681400742556e+01
1.578951000274084890e+02 -1.070086381410886922e+01
1.580461848285184487e+02 -1.081296078137188843e+01
1.581972696296284084e+02 -1.080352992515783583e+01
1.583483544307383681e+02 -1.091718489314053819e+01
1.584994392318483278e+02 -1.096650027489791412e+01
1.586505240329582875e+02 -1.097309779795966911e+01
1.588016088340682472e+02 -1.105578065759308082e+01
1.589526936351782069e+02 -1.106622286687434453e+01
1.591037784362881666e+02 -1.112014901741985184e+01
1.592548632373981263e+02 -1.107537901037856720e+01
1.594059480385080860e+02 -1.103173096056577940e+01
1.595570328396180457e+02 -1.096381110572564488e+01
1.597081176407280054e+02 -1.090625285060106009e+01
1.598592024418379651e+02 -1.084313051211439038e+01
1.600102872429479248e+02 -1.076694617213110128e+01
1.601613720440578845e+02 -1.076138251911070221e+01
1.603124568451678442e+02 -1.078170956899318966e+01
1.604635416462778039e+02 -1.077563306814415967e+01
1.606146264473877636e+02 -1.068999167566119191e+01
1.607657112484977233e+02 -1.065899836763306752e+01
1.609167960496076830e+02 -1.058870912297787825e+01
1.610678808507176427e+02 -1.054821370809449022e+01
1.612189656518276024e+02 -1.054979552746428695e+01
1.613700504529375621e+02 -1.049507714639630329e+01
1.615211352540475218e+02 -1.040389785357214869e+01
1.616722200551574815e+02 -1.033520529930809140e+01
1.618233048562674412e+02 -1.025409597024493635e+01
1.619743896573774009e+02 -1.019632731267095238e+01
1.621254744584873606e+02 -1.014076931742437537e+01
1.622765592595973203e+02 -1.008887526210539853e+01
1.624276440607072800e+02 -1.002368865370666029e+01
1.625787288618172397e+02 -9.950369001783355927e+00
1.627298136629271994e+02 -9.906746516693852200e+00
1.628808984640371591e+02 -9.787971993892609746e+00
1.630319832651471188e+02 -9.727681613723031973e+00
1.631830680662570785e+02 -9.648186956445094609e+00
1.633341528673670382e+02 -9.616977284050863162e+00
1.634852376684769979e+02 -9.560463114150804742e+00
1.636363224695869576e+02 -9.518708158268793795e+00
1.637874072706969173e+02 -9.460393943067638034e+00
1.639384920718068770e+02 -9.431512643432908405e+00
1.640895768729168367e+02 -9.413945451900337602e+00
1.642406616740267964e+02 -9.415519649427277926e+00
1.643917464751367561e+02 -9.377140156690655814e+00
1.645428312762467158e+02 -9.353298546487385678e+00
1.646939160773566755e+02 -9.331482674591031312e+00
1.648450008784666352e+02 -9.328275195415704601e+00
1.649960856795765949e+02 -9.312427081239404103e+00
1.651471704806865546e+02 -9.302112264655820084e+00
1.652982552817965143e+02 -9.285228095492005451e+00
1.654493400829064740e+02 -9.253396895006119394e+00
1.656004248840164337e+02 -9.200494607801724456e+00
1.657515096851263934e+02 -9.179430053941903367e+00
1.659025944862363531e+02 -9.162667573674827537e+00
1.660536792873463128e+02 -9.128499834516899725e+00
1.662047640884562725e+02 -9.136057513779228145e+00
1.663558488895662606e+02 -9.132610683664454498e+00
1.665069336906762203e+02 -9.083923175985534115e+00
1.666580184917861800e+02 -9.086125780583380163e+00
1.668091032928961397e+02 -9.063588498525831483e+00
1.669601880940060994e+02 -9.053082451211611925e+00
1.671112728951160591e+02 -9.056906591269532569e+00
1.672623576962260188e+02 -9.080257124596712970e+00
1.674134424973359785e+02 -9.095305742634785418e+00
1.675645272984459382e+02 -9.110258060303705108e+00
1.677156120995558979e+02 -9.128782446925168159e+00
1.678666969006658576e+02 -9.154730723759051614e+00
1.680177817017758173e+02 -9.170185494801589954e+00
1.681688665028857770e+02 -9.201924365832018893e+00
1.683199513039957367e+02 -9.222877370299027433e+00
1.684710361051056964e+02 -9.246606776745228018e+00
1.686221209062156561e+02 -9.305571501092989806e+00
1.687732057073256158e+02 -9.349243893662679383e+00
1.689242905084355755e+02 -9.412953833391817682e+00
1.690753753095455352e+02 -9.478595486675409632e+00
1.692264601106554949e+02 -9.532622377213771259e+00
1.693775449117654546e+02 -9.589488243592214189e+00
1.695286297128754143e+02 -9.625168056413714979e+00
1.696797145139853740e+02 -9.700791633777361866e+00
1.698307993150953337e+02 -9.761210037703042630e+00
1.699818841162052934e+02 -9.839834699380402228e+00
1.701329689173152531e+02 -9.904914129695788105e+00
1.702840537184252128e+02 -9.950717170445120274e+00
1.704351385195351725e+02 -9.994896292414589212e+00
1.705862233206451322e+02 -1.004242971141498053e+01
1.707373081217550919e+02 -1.005772136638738701e+01
1.708883929228650516e+02 -1.007488176341800568e+01
1.710394777239750113e+02 -1.011386543741156530e+01
1.711905625250849710e+02 -1.018963554739333333e+01
1.713416473261949307e+02 -1.027272237195407101e+01
1.714927321273048904e+02 -1.036598810376696989e+01
1.716438169284148501e+02 -1.042713764257572961e+01
1.717949017295248098e+02 -1.048366431264673615e+01
1.719459865306347695e+02 -1.053475387097069138e+01
1.720970713317447292e+02 -1.060188371780613181e+01
1.722481561328546888e+02 -1.067508918902641035e+01
1.723992409339646485e+02 -1.075391233998750273e+01
1.725503257350746082e+02 -1.078586040264815082e+01
1.727014105361845679e+02 -1.090616790671374048e+01
1.728524953372945276e+02 -1.102486356546411805e+01
1.730035801384044873e+02 -1.111979113854423140e+01
1.731546649395144470e+02 -1.115281284171800635e+01
1.733057497406244067e+02 -1.115491350634390244e+01
1.734568345417343664e+02 -1.119984861921868458e+01
1.736079193428443261e+02 -1.124974198767835887e+01
1.737590041439542858e+02 -1.133071258471047393e+01
1.739100889450642455e+02 -1.144691501896503105e+01
1.740611737461742052e+02 -1.157797883297699393e+01
1.742122585472841649e+02 -1.171991609806083545e+01
1.743633433483941246e+02 -1.177472199299874944e+01
1.745144281495040843e+02 -1.196157678008502501e+01
1.746655129506140440e+02 -1.205044176003417356e+01
1.748165977517240037e+02 -1.213048294754250023e+01
1.749676825528339634e+02 -1.231694754536911596e+01
1.751187673539439231e+02 -1.246911515872189824e+01
1.752698521550538828e+02 -1.259385402164402379e+01
1.754209369561638425e+02 -1.271955740503016941e+01
1.755720217572738022e+02 -1.283427741572170788e+01
1.757231065583837619e+02 -1.291129817024346771e+01
1.758741913594937216e+02 -1.320082062872856632e+01
1.760252761606036813e+02 -1.335823457793175528e+01
1.761763609617136410e+02 -1.351739936882534288e+01
1.763274457628236007e+02 -1.364150912827744477e+01
1.764785305639335604e+02 -1.387723693894866450e+01
1.766296153650435201e+02 -1.409591654475883971e+01
1.767807001661534798e+02 -1.425462794043212256e+01
1.769317849672634679e+02 -1.435207760564705204e+01
1.770828697683734276e+02 -1.449813920271139445e+01
1.772339545694833873e+02 -1.477567254606718450e+01
1.773850393705933470e+02 -1.513161927724845413e+01
1.775361241717033067e+02 -1.539452476044690776e+01
1.776872089728132664e+02 -1.568212053454779387e+01
1.778382937739232261e+02 -1.576622717023739639e+01
1.779893785750331858e+02 -1.591946605257915692e+01
1.781404633761431455e+02 -1.593853597539450107e+01
1.782915481772531052e+02 -1.613193488925936592e+01
1.784426329783630649e+02 -1.636225578750638476e+01
1.785937177794730246e+02 -1.645982355856433443e+01
1.787448025805829843e+02 -1.647394386616266715e+01
1.788958873816929440e+02 -1.647980764883059379e+01
1.790469721828029037e+02 -1.649031488448785865e+01
1.791980569839128634e+02 -1.658328403147690011e+01
1.793491417850228231e+02 -1.674720749581745238e+01
1.795002265861327828e+02 -1.686248852373189422e+01
1.796513113872427425e+02 -1.686650722829732629e+01
1.798023961883527022e+02 -1.682739240764631816e+01
1.799534809894626619e+02 -1.678247045440065932e+01
1.801045657905726216e+02 -1.696660941181223947e+01
1.802556505916825813e+02 -1.685782050191833292e+01
1.804067353927925410e+02 -1.695147551030422051e+01
1.805578201939025007e+02 -1.700101872429367234e+01
1.807089049950124604e+02 -1.699920822910891260e+01
1.808599897961224201e+02 -1.712583600717979593e+01
1.810110745972323798e+02 -1.723750300540065439e+01
1.811621593983423395e+02 -1.724006370024487467e+01
1.813132441994522992e+02 -1.727353634440622798e+01
1.814643290005622589e+02 -1.745670757129846251e+01
1.816154138016722186e+02 -1.752077197579457390e+01
1.817664986027821783e+02 -1.726213597985737636e+01
1.819175834038921380e+02 -1.681310814828339062e+01
1.820686682050020977e+02 -1.660170903286780586e+01
1.822197530061120574e+02 -1.653428304113747416e+01
1.823708378072220171e+02 -1.657125621507048407e+01
1.825219226083319768e+02 -1.646698325206450519e+01
1.826730074094419365e+02 -1.627330669553706954e+01
1.828240922105518962e+02 -1.592388670261942174e+01
1.829751770116618559e+02 -1.559568535513783871e+01
1.831262618127718156e+02 -1.533831861155129062e+01
1.832773466138817753e+02 -1.495024549298417860e+01
1.834284314149917350e+02 -1.462245447876891369e+01
1.835795162161016947e+02 -1.436132978606209321e+01
1.837306010172116544e+02 -1.411278474408381101e+01
1.838816858183216141e+02 -1.393353721249562760e+01
1.840327706194315738e+02 -1.350307879483716533e+01
1.841838554205415335e+02 -1.321216778525259805e+01
1.843349402216514932e+02 -1.312273353923168706e+01
1.844860250227614529e+02 -1.312526628272680362e+01
1.846371098238714126e+02 -1.290629750999584680e+01
1.847881946249813723e+02 -1.274382215393061735e+01
1.849392794260913320e+02 -1.255223993523060422e+01
1.850903642272012917e+02 -1.237580497145740388e+01
1.852414490283112514e+02 -1.243654515634973912e+01
1.853925338294212111e+02 -1.225344314344200214e+01
1.855436186305311708e+02 -1.204806048556684317e+01
1.856947034316411305e+02 -1.204277328293748361e+01
1.858457882327510902e+02 -1.182991180829569089e+01
1.859968730338610499e+02 -1.183167315295298927e+01
1.861479578349710096e+02 -1.185435060238603100e+01
1.862990426360809693e+02 -1.181556406702380713e+01
1.864501274371909290e+02 -1.189375889600111336e+01
1.866012122383008887e+02 -1.186722723657226020e+01
1.867522970394108484e+02 -1.193868828871709908e+01
1.869033818405208081e+02 -1.199441535349626875e+01
1.870544666416307678e+02 -1.191645092402313644e+01
1.872055514427407275e+02 -1.186256653835210173e+01
1.873566362438506872e+02 -1.186560469734801337e+01
1.875077210449606469e+02 -1.200305387813081381e+01
1.876588058460706065e+02 -1.205758222318830875e+01
1.878098906471805662e+02 -1.214596760949826049e+01
1.879609754482905259e+02 -1.229873663910456472e+01
1.881120602494004856e+02 -1.248039141123877904e+01
1.882631450505104453e+02 -1.264242608867593276e+01
1.884142298516204050e+02 -1.276084486602720069e+01
1.885653146527303647e+02 -1.298887009823072880e+01
1.887163994538403244e+02 -1.316230314811839186e+01
1.888674842549502841e+02 -1.316519396707204059e+01
1.890185690560602438e+02 -1.333056473780957418e+01
1.891696538571702035e+02 -1.364991648043654138e+01
1.893207386582801632e+02 -1.397915659234134189e+01
1.894718234593901229e+02 -1.423061558226886270e+01
1.896229082605000826e+02 -1.468439103821658698e+01
1.897739930616100423e+02 -1.496068892572602671e+01
1.899250778627200020e+02 -1.534144259480002859e+01
1.900761626638299617e+02 -1.569126195362756349e+01
1.902272474649399214e+02 -1.605447768819201571e+01
1.903783322660498811e+02 -1.642278869518260009e+01
1.905294170671598408e+02 -1.682704298151284306e+01
1.906805018682698005e+02 -1.724242171928504774e+01
1.908315866693797602e+02 -1.758360530668993960e+01
1.909826714704897483e+02 -1.788571180460227339e+01
1.911337562715997080e+02 -1.832172817710163315e+01
1.912848410727096677e+02 -1.895666628111471752e+01
1.914359258738196274e+02 -1.954450324199250488e+01
1.915870106749295871e+02 -1.982725657103169326e+01
1.917380954760395468e+02 -2.012727638008206554e+01
1.918891802771495065e+02 -2.060844165100980163e+01
1.920402650782594662e+02 -2.121632434468303785e+01
1.921913498793694259e+02 -2.160782802568996530e+01
1.923424346804793856e+02 -2.211215006259162763e+01
1.924935194815893453e+02 -2.270875186986634020e+01
1.926446042826993050e+02 -2.331677501026274157e+01
1.927956890838092647e+02 -2.395688734206525083e+01
1.929467738849192244e+02 -2.464191580419059946e+01
1.930978586860291841e+02 -2.533413653889209272e+01
1.932489434871391438e+02 -2.601510805076097554e+01
1.934000282882491035e+02 -2.653993239134771187e+01
1.935511130893590632e+02 -2.711492915980617369e+01
1.937021978904690229e+02 -2.768656041793400036e+01
1.938532826915789826e+02 -2.821744867234011167e+01
1.940043674926889423e+02 -2.882847486046925312e+01
1.941554522937989020e+02 -2.939895211037904232e+01
