5.139139139139139445e+00 -5.796653166118018419e+01
5.237237237237236442e+00 -2.586267460813001051e+01
5.335335335335335216e+00 -1.645637899122606385e+01
5.433433433433433102e+00 -1.191546908821606898e+01
5.531531531531530987e+00 -9.241742584138203043e+00
5.629629629629629761e+00 -7.551228886673387208e+00
5.727727727727727647e+00 -6.314557124576787750e+00
5.825825825825825532e+00 -5.388960735024868498e+00
5.923923923923924306e+00 -4.695785539648199780e+00
6.022022022022022192e+00 -4.183014773605179926e+00
6.120120120120120077e+00 -3.745156205205558031e+00
6.218218218218217963e+00 -3.374890694640250821e+00
6.316316316316315849e+00 -3.091502484803741790e+00
6.414414414414414622e+00 -2.863425603892484794e+00
6.512512512512512508e+00 -2.668279394736330801e+00
6.610610610610610394e+00 -2.516097744060042718e+00
6.708708708708708279e+00 -2.386028364984715822e+00
6.806806806806806165e+00 -2.281319435788141003e+00
6.904904904904904939e+00 -2.190110002957201374e+00
7.003003003003002824e+00 -2.114890293762483608e+00
7.101101101101100710e+00 -2.052541764831164350e+00
7.199199199199198596e+00 -1.997179485607664784e+00
7.297297297297297369e+00 -1.952339375023654844e+00
7.395395395395395255e+00 -1.916622203589696261e+00
7.493493493493493141e+00 -1.887808028295581808e+00
7.591591591591591026e+00 -1.866007603529553416e+00
7.689689689689689800e+00 -1.847821053465696917e+00
7.787787787787787686e+00 -1.836912879939739840e+00
7.885885885885885571e+00 -1.830329749069310008e+00
7.983983983983983457e+00 -1.827217399629675887e+00
8.082082082082081342e+00 -1.827683621175059780e+00
8.180180180180180116e+00 -1.830077215589724027e+00
8.278278278278278890e+00 -1.840134386505502428e+00
8.376376376376375887e+00 -1.850156757478517822e+00
8.474474474474472885e+00 -1.864266106096738929e+00
8.572572572572571659e+00 -1.880281142923166948e+00
8.670670670670670432e+00 -1.898294307920611823e+00
8.768768768768769206e+00 -1.919037738609317145e+00
8.866866866866866204e+00 -1.938239344004753173e+00
8.964964964964964977e+00 -1.962599237841972544e+00
9.063063063063061975e+00 -1.987001354553911581e+00
9.161161161161160749e+00 -2.012880095912618295e+00
9.259259259259259522e+00 -2.040571405948191863e+00
9.357357357357358296e+00 -2.068973695395758927e+00
9.455455455455455294e+00 -2.098065530798315148e+00
9.553553553553552291e+00 -2.126763847397780793e+00
9.651651651651651065e+00 -2.158337087895559669e+00
9.749749749749749839e+00 -2.189186983630844185e+00
9.847847847847848612e+00 -2.218867707137895273e+00
9.945945945945945610e+00 -2.249975131846005727e+00
1.004404404404404438e+01 -2.281858325211911787e+00
1.014214214214214138e+01 -2.315238296792552664e+00
1.024024024024024015e+01 -2.347598800516816908e+00
1.033833833833833715e+01 -2.379033384900849590e+00
1.043643643643643593e+01 -2.409832830960922490e+00
1.053453453453453470e+01 -2.441341937205652624e+00
1.063263263263263170e+01 -2.472166832196628139e+00
1.073073073073073047e+01 -2.503220096280235119e+00
1.082882882882882924e+01 -2.534771374195465832e+00
1.092692692692692624e+01 -2.566387395519264203e+00
1.102502502502502502e+01 -2.597559749692234465e+00
1.112312312312312201e+01 -2.628703004875262650e+00
1.122122122122122079e+01 -2.659765062228319987e+00
1.131931931931931956e+01 -2.689567111915651232e+00
1.141741741741741656e+01 -2.720675672859340199e+00
1.151551551551551533e+01 -2.750352758095303773e+00
1.161361361361361233e+01 -2.780463963291337937e+00
1.171171171171171110e+01 -2.810142827197701365e+00
1.180980980980980988e+01 -2.840103521161385203e+00
1.190790790790790687e+01 -2.868192289503075809e+00
1.200600600600600565e+01 -2.897260180757904813e+00
1.210410410410410442e+01 -2.926133108083044387e+00
1.220220220220220142e+01 -2.954409704127310299e+00
1.230030030030030019e+01 -2.982808409332929678e+00
1.239839839839839719e+01 -3.010824695309860743e+00
1.249649649649649596e+01 -3.038615457770799111e+00
1.259459459459459474e+01 -3.065579842289941404e+00
1.269269269269269174e+01 -3.093021081669688144e+00
1.279079079079079051e+01 -3.120053100578357608e+00
1.288888888888888928e+01 -3.147199066209056095e+00
1.298698698698698628e+01 -3.173241470316138013e+00
1.308508508508508505e+01 -3.199952762298226450e+00
1.318318318318318205e+01 -3.226356971248457661e+00
1.328128128128128083e+01 -3.252570616587055596e+00
1.337937937937937960e+01 -3.277797793464861886e+00
1.347747747747747660e+01 -3.303507987833762982e+00
1.357557557557557537e+01 -3.328770151172578462e+00
1.367367367367367237e+01 -3.354270101265663051e+00
1.377177177177177114e+01 -3.379293759489024218e+00
1.386986986986986992e+01 -3.404212450020033032e+00
1.396796796796796691e+01 -3.428946915229948988e+00
1.406606606606606569e+01 -3.453125051463639572e+00
1.416416416416416446e+01 -3.477860493565182676e+00
1.426226226226226146e+01 -3.501812113129808335e+00
1.436036036036036023e+01 -3.524926320468066088e+00
1.445845845845845723e+01 -3.548509922371827940e+00
1.455655655655655600e+01 -3.572098988313911594e+00
1.465465465465465478e+01 -3.595382540147223249e+00
1.475275275275275177e+01 -3.618493311282034774e+00
1.485085085085085055e+01 -3.641136136271318158e+00
1.494894894894894755e+01 -3.664484678888674907e+00
1.504704704704704632e+01 -3.687158845408180508e+00
1.514514514514514509e+01 -3.709550956658369536e+00
1.524324324324324209e+01 -3.731198112550679902e+00
1.534134134134134086e+01 -3.753381200854487343e+00
1.543943943943943964e+01 -3.775810772456513753e+00
1.553753753753753664e+01 -3.797754063242519518e+00
1.563563563563563541e+01 -3.819379851463867492e+00
1.573373373373373241e+01 -3.840768819228467468e+00
1.583183183183183118e+01 -3.861906210480398727e+00
1.592992992992992995e+01 -3.882844386619896504e+00
1.602802802802802518e+01 -3.903752708218368284e+00
1.612612612612612395e+01 -3.924541514075536863e+00
1.622422422422422272e+01 -3.946074056445161737e+00
1.632232232232232150e+01 -3.967503693958226219e+00
1.642042042042042027e+01 -3.987977676069654809e+00
1.651851851851851904e+01 -4.007905193598318760e+00
1.661661661661661782e+01 -4.028073886133977766e+00
1.671471471471471659e+01 -4.048075691460283565e+00
1.681281281281281181e+01 -4.067857113498400068e+00
1.691091091091091059e+01 -4.087736388213113692e+00
1.700900900900900581e+01 -4.107423670595350629e+00
1.710710710710710458e+01 -4.126845983729658940e+00
1.720520520520520336e+01 -4.146198831458931977e+00
1.730330330330330213e+01 -4.165383091739577992e+00
1.740140140140140090e+01 -4.184329948622699469e+00
1.749949949949949968e+01 -4.202950953486051411e+00
1.759759759759759845e+01 -4.221894022088119591e+00
1.769569569569569722e+01 -4.240426202145261669e+00
1.779379379379379245e+01 -4.258283507504417642e+00
1.789189189189189122e+01 -4.276769012384626478e+00
1.798998998998998999e+01 -4.294525927258226794e+00
1.808808808808808877e+01 -4.312603372114374167e+00
1.818618618618618399e+01 -4.330598438056768806e+00
1.828428428428428276e+01 -4.347484228919573646e+00
1.838238238238238154e+01 -4.364787639887309112e+00
1.848048048048048031e+01 -4.381793719826940325e+00
1.857857857857857908e+01 -4.399150665641416325e+00
1.867667667667667430e+01 -4.417071827524716277e+00
1.877477477477477308e+01 -4.433792343643236045e+00
1.887287287287287185e+01 -4.450392402979660211e+00
1.897097097097097063e+01 -4.466540622520023263e+00
1.906906906906906940e+01 -4.482201177906430800e+00
1.916716716716716817e+01 -4.498464469499149132e+00
1.926526526526526339e+01 -4.514557996258045769e+00
1.936336336336336217e+01 -4.530285354521839558e+00
1.946146146146146094e+01 -4.546150843991471291e+00
1.955955955955955972e+01 -4.561214257162903074e+00
1.965765765765765849e+01 -4.576845597440915014e+00
1.975575575575575371e+01 -4.592383223419940208e+00
1.985385385385385248e+01 -4.607846764456014377e+00
1.995195195195195126e+01 -4.622416386199120986e+00
2.005005005005005003e+01 -4.636737056908025068e+00
2.014814814814814881e+01 -4.650810002889125272e+00
2.024624624624624403e+01 -4.664486818789148614e+00
2.034434434434434280e+01 -4.678628965316648625e+00
2.044244244244244157e+01 -4.692746711472162602e+00
2.054054054054054035e+01 -4.707301813456247430e+00
2.063863863863863912e+01 -4.720839606952763390e+00
2.073673673673673434e+01 -4.734222502026525170e+00
2.083483483483483312e+01 -4.747691219116469519e+00
2.093293293293293189e+01 -4.760742326607708463e+00
2.103103103103103066e+01 -4.774019174044650704e+00
2.112912912912912944e+01 -4.786718689142295702e+00
2.122722722722722466e+01 -4.798788870971976372e+00
2.132532532532532343e+01 -4.810874180003673395e+00
2.142342342342342221e+01 -4.823587799622679917e+00
2.152152152152152098e+01 -4.835074204669933984e+00
2.161961961961961975e+01 -4.847582191119735207e+00
2.171771771771771853e+01 -4.859062352052293754e+00
2.181581581581581375e+01 -4.870316336396228074e+00
2.191391391391391252e+01 -4.883115167637450682e+00
2.201201201201201130e+01 -4.894946298583474409e+00
2.211011011011011007e+01 -4.906192110572262344e+00
2.220820820820820884e+01 -4.917449377102212971e+00
2.230630630630630407e+01 -4.928534310326221579e+00
2.240440440440440284e+01 -4.940574689167439359e+00
2.250250250250250161e+01 -4.950412904032819306e+00
2.260060060060060039e+01 -4.960284637428414634e+00
2.269869869869869916e+01 -4.969423918957772024e+00
2.279679679679679438e+01 -4.978470446370139690e+00
2.289489489489489316e+01 -4.988300674979802452e+00
2.299299299299299193e+01 -4.997602198413743757e+00
2.309109109109109070e+01 -5.006593399755456808e+00
2.318918918918918948e+01 -5.015868669518641632e+00
2.328728728728728470e+01 -5.023482855312393802e+00
2.338538538538538347e+01 -5.032241608236313724e+00
2.348348348348348225e+01 -5.039973033286011983e+00
2.358158158158158102e+01 -5.046741317166113738e+00
2.367967967967967979e+01 -5.052708477147808352e+00
2.377777777777777857e+01 -5.059886033671282313e+00
2.387587587587587379e+01 -5.067224543364401868e+00
2.397397397397397256e+01 -5.074702161637872244e+00
2.407207207207207134e+01 -5.081435798967216755e+00
2.417017017017017011e+01 -5.087892132355606556e+00
2.426826826826826888e+01 -5.093298790036699053e+00
2.436636636636636410e+01 -5.100311621809047402e+00
2.446446446446446288e+01 -5.104934256145578608e+00
2.456256256256256165e+01 -5.109307106399461951e+00
2.466066066066066043e+01 -5.114770420982345023e+00
2.475875875875875920e+01 -5.118544932713862572e+00
2.485685685685685442e+01 -5.122311718842816219e+00
2.495495495495495319e+01 -5.126373374163730290e+00
2.505305305305305197e+01 -5.129058249478471332e+00
2.515115115115115074e+01 -5.132466352971045254e+00
2.524924924924924952e+01 -5.136356387212315688e+00
2.534734734734734474e+01 -5.138085688887544578e+00
2.544544544544544351e+01 -5.139572575960566603e+00
2.554354354354354228e+01 -5.140762911439924032e+00
2.564164164164164106e+01 -5.142151240647428345e+00
2.573973973973973983e+01 -5.142332439337922168e+00
2.583783783783783505e+01 -5.142204947492602152e+00
2.593593593593593383e+01 -5.141620910166028402e+00
2.603403403403403260e+01 -5.141137018031280981e+00
2.613213213213213137e+01 -5.139443896568942627e+00
2.623023023023023015e+01 -5.136979337288952507e+00
2.632832832832832892e+01 -5.136306772367723816e+00
2.642642642642642414e+01 -5.136237633883736109e+00
2.652452452452452292e+01 -5.133676289563458894e+00
2.662262262262262169e+01 -5.132229931398573974e+00
2.672072072072072046e+01 -5.129829271529686707e+00
2.681881881881881924e+01 -5.126986913493852605e+00
2.691691691691691446e+01 -5.123865892578058023e+00
2.701501501501501323e+01 -5.119127525299127512e+00
2.711311311311311201e+01 -5.115139294344540843e+00
2.721121121121121078e+01 -5.111125053242557392e+00
2.730930930930930955e+01 -5.107025994166009220e+00
2.740740740740740478e+01 -5.101715858683015803e+00
2.750550550550550355e+01 -5.094715783369025530e+00
2.760360360360360232e+01 -5.089033241187995493e+00
2.770170170170170110e+01 -5.081840711270739774e+00
2.779979979979979987e+01 -5.075273172182259707e+00
2.789789789789789509e+01 -5.069208597639526914e+00
2.799599599599599387e+01 -5.062349707980112079e+00
2.809409409409409264e+01 -5.055515356721477893e+00
2.819219219219219141e+01 -5.048583157993773440e+00
2.829029029029029019e+01 -5.040850466688458376e+00
2.838838838838838896e+01 -5.034967097446609863e+00
2.848648648648648418e+01 -5.027788324339217851e+00
2.858458458458458296e+01 -5.020727399286497139e+00
2.868268268268268173e+01 -5.013004882789889649e+00
2.878078078078078050e+01 -5.006162312067443665e+00
2.887887887887887928e+01 -4.998897337781572858e+00
2.897697697697697450e+01 -4.990606816872199758e+00
2.907507507507507327e+01 -4.982637932692616900e+00
2.917317317317317205e+01 -4.975036981289560067e+00
2.927127127127127082e+01 -4.964914712427221488e+00
2.936936936936936959e+01 -4.954774791945818713e+00
2.946746746746746481e+01 -4.944975961153123656e+00
2.956556556556556359e+01 -4.935951495162003155e+00
2.966366366366366236e+01 -4.926474669529640416e+00
2.976176176176176114e+01 -4.919625443718269153e+00
2.985985985985985991e+01 -4.910606671800174183e+00
2.995795795795795513e+01 -4.901070606026358689e+00
3.005605605605605390e+01 -4.892128219773489661e+00
3.015415415415415268e+01 -4.881647403361283111e+00
3.025225225225225145e+01 -4.872501557719144394e+00
3.035035035035035023e+01 -4.864546935527735094e+00
3.044844844844844545e+01 -4.855394415326998114e+00
3.054654654654654422e+01 -4.844583308471855254e+00
3.064464464464464299e+01 -4.835061054711148110e+00
3.074274274274274177e+01 -4.826635484308550161e+00
3.084084084084084054e+01 -4.816803199467398322e+00
3.093893893893893932e+01 -4.806112990580609257e+00
3.103703703703703454e+01 -4.796489213379079075e+00
3.113513513513513331e+01 -4.788749509127166348e+00
3.123323323323323208e+01 -4.779732357700127388e+00
3.133133133133133086e+01 -4.771885342539907704e+00
3.142942942942942963e+01 -4.764779124744354277e+00
3.152752752752752485e+01 -4.756984098588588061e+00
3.162562562562562363e+01 -4.749189635473081594e+00
3.172372372372372240e+01 -4.741387873704522526e+00
3.182182182182182117e+01 -4.733055475087376784e+00
3.191991991991991995e+01 -4.726111594629546886e+00
3.201801801801801162e+01 -4.718455661938445012e+00
3.211611611611611750e+01 -4.711999535730163835e+00
3.221421421421420916e+01 -4.703886144257844570e+00
3.231231231231231504e+01 -4.696859251193584939e+00
3.241041041041040671e+01 -4.690492688263173449e+00
3.250850850850850549e+01 -4.684015453913328741e+00
3.260660660660660426e+01 -4.679380389007110175e+00
3.270470470470470303e+01 -4.675411008128984136e+00
3.280280280280280181e+01 -4.672112643597121640e+00
3.290090090090090058e+01 -4.667527692223315761e+00
3.299899899899899935e+01 -4.663631950828468042e+00
3.309709709709709102e+01 -4.661954307442414347e+00
3.319519519519519690e+01 -4.659070608767794219e+00
3.329329329329328857e+01 -4.657345557731590979e+00
3.339139139139139445e+01 -4.654922738951015937e+00
3.348948948948948612e+01 -4.654030213578232100e+00
3.358758758758758489e+01 -4.655274667494317065e+00
3.368568568568568367e+01 -4.654523293115324201e+00
3.378378378378378244e+01 -4.656584609515607376e+00
3.388188188188188121e+01 -4.656691723909226255e+00
3.397997997997997999e+01 -4.656193176470143413e+00
3.407807807807807876e+01 -4.660267825744504044e+00
3.417617617617617753e+01 -4.664166489803641902e+00
3.427427427427427631e+01 -4.668150880841535511e+00
3.437237237237236798e+01 -4.672428122985879284e+00
3.447047047047046675e+01 -4.677401423650326073e+00
3.456856856856856552e+01 -4.681574660729316051e+00
3.466666666666666430e+01 -4.686226759086071780e+00
3.476476476476476307e+01 -4.694005632369276704e+00
3.486286286286286185e+01 -4.699956175736606845e+00
3.496096096096096062e+01 -4.707507597702557334e+00
3.505905905905905939e+01 -4.714040819053039399e+00
3.515715715715715817e+01 -4.721761270686171130e+00
3.525525525525525694e+01 -4.730509227364827041e+00
3.535335335335334861e+01 -4.739351374485028856e+00
3.545145145145144738e+01 -4.749168332674615911e+00
3.554954954954954616e+01 -4.759117958212226718e+00
3.564764764764764493e+01 -4.769645866138822576e+00
3.574574574574574370e+01 -4.783357101297416314e+00
3.584384384384384248e+01 -4.795569199014292572e+00
3.594194194194194125e+01 -4.808053602074069843e+00
3.604004004004004003e+01 -4.821567411738738151e+00
3.613813813813813880e+01 -4.833947152361527166e+00
3.623623623623623757e+01 -4.846549345549292731e+00
3.633433433433433635e+01 -4.859537391228111680e+00
3.643243243243242802e+01 -4.874076161100989069e+00
3.653053053053052679e+01 -4.889335590698863143e+00
3.662862862862862556e+01 -4.904892486310148847e+00
3.672672672672672434e+01 -4.920369853927894610e+00
3.682482482482482311e+01 -4.936210294403005960e+00
3.692292292292292188e+01 -4.954780374220277395e+00
3.702102102102102066e+01 -4.970758868435791733e+00
3.711911911911911943e+01 -4.990147237806469072e+00
3.721721721721721821e+01 -5.007590167712589135e+00
3.731531531531531698e+01 -5.024105838618359243e+00
3.741341341341340865e+01 -5.040506630672059174e+00
3.751151151151150742e+01 -5.059084659515068694e+00
3.760960960960960620e+01 -5.077731466534425309e+00
3.770770770770770497e+01 -5.096735761494000094e+00
3.780580580580580374e+01 -5.117263341844400237e+00
3.790390390390390252e+01 -5.139751157048710439e+00
3.800200200200200129e+01 -5.160928080463637713e+00
3.810010010010010006e+01 -5.182192807977998861e+00
3.819819819819819884e+01 -5.202430340502339767e+00
3.829629629629629761e+01 -5.222601590854498710e+00
3.839439439439438928e+01 -5.243368717116730693e+00
3.849249249249248805e+01 -5.265957284789401172e+00
3.859059059059058683e+01 -5.287872983638537860e+00
3.868868868868868560e+01 -5.309781634680459383e+00
3.878678678678678438e+01 -5.333827506891395842e+00
3.888488488488488315e+01 -5.355623882405227576e+00
3.898298298298298192e+01 -5.378730126670927092e+00
3.908108108108108070e+01 -5.399875580179218204e+00
3.917917917917917947e+01 -5.422970775565512547e+00
3.927727727727727824e+01 -5.446939393241832406e+00
3.937537537537537702e+01 -5.471145776129161753e+00
3.947347347347346869e+01 -5.494871545800382506e+00
3.957157157157156746e+01 -5.519021548542114353e+00
3.966966966966966623e+01 -5.545035610882773192e+00
3.976776776776776501e+01 -5.568274713830628109e+00
3.986586586586586378e+01 -5.591147644886771850e+00
3.996396396396396256e+01 -5.613775104755355017e+00
4.006206206206206133e+01 -5.638274557779961782e+00
4.016016016016016010e+01 -5.661300341417454085e+00
4.025825825825825888e+01 -5.688511062457677347e+00
4.035635635635635765e+01 -5.713934703408427573e+00
4.045445445445444932e+01 -5.739044320844202574e+00
4.055255255255254809e+01 -5.764017731901095232e+00
4.065065065065064687e+01 -5.787987776089064340e+00
4.074874874874874564e+01 -5.812748219881432199e+00
4.084684684684684441e+01 -5.840009651724447970e+00
4.094494494494494319e+01 -5.866242095919292687e+00
4.104304304304304196e+01 -5.891196101740124647e+00
4.114114114114114074e+01 -5.915936106028850894e+00
4.123923923923923951e+01 -5.941540240589220367e+00
4.133733733733733828e+01 -5.969150017340523640e+00
4.143543543543543706e+01 -5.996717219946958721e+00
4.153353353353352873e+01 -6.022171651144947901e+00
4.163163163163162750e+01 -6.048569169386613709e+00
4.172972972972972627e+01 -6.075087525395471921e+00
4.182782782782782505e+01 -6.101251520560976971e+00
4.192592592592592382e+01 -6.127146646272436215e+00
4.202402402402402259e+01 -6.153657230801094613e+00
4.212212212212212137e+01 -6.180401311301085165e+00
4.222022022022022014e+01 -6.206713888794467060e+00
4.231831831831831892e+01 -6.233853051727496819e+00
4.241641641641641769e+01 -6.260180207078752446e+00
4.251451451451450936e+01 -6.283903379308611648e+00
4.261261261261260813e+01 -6.309969708915403430e+00
4.271071071071070691e+01 -6.335362529156976841e+00
4.280880880880880568e+01 -6.360615568769700801e+00
4.290690690690690445e+01 -6.384872174439814252e+00
4.300500500500500323e+01 -6.410433772398388186e+00
4.310310310310310200e+01 -6.435893703685100498e+00
4.320120120120120077e+01 -6.458782439333794478e+00
4.329929929929929955e+01 -6.484197826004326259e+00
4.339739739739739832e+01 -6.509450290445382592e+00
4.349549549549549710e+01 -6.534707436819380710e+00
4.359359359359358876e+01 -6.558804847211095357e+00
4.369169169169168754e+01 -6.581345878112654368e+00
4.378978978978978631e+01 -6.606044984909131834e+00
4.388788788788788509e+01 -6.630614598319718667e+00
4.398598598598598386e+01 -6.656370459635169823e+00
4.408408408408408263e+01 -6.680277443525956649e+00
4.418218218218218141e+01 -6.703487388354103516e+00
4.428028028028028018e+01 -6.725209102527586857e+00
4.437837837837837895e+01 -6.747992659242936675e+00
4.447647647647647773e+01 -6.769273142942524579e+00
4.457457457457456940e+01 -6.790666543599146010e+00
4.467267267267266817e+01 -6.814092143487069819e+00
4.477077077077076694e+01 -6.835637233685158520e+00
4.486886886886886572e+01 -6.858107965032277598e+00
4.496696696696696449e+01 -6.879247837751851335e+00
4.506506506506506327e+01 -6.900641824368476840e+00
4.516316316316316204e+01 -6.920825474873922190e+00
4.526126126126126081e+01 -6.940754907054050626e+00
4.535935935935935959e+01 -6.960058581716644710e+00
4.545745745745745836e+01 -6.982018247316780446e+00
4.555555555555555713e+01 -7.000659176870938083e+00
4.565365365365364880e+01 -7.020173701492222307e+00
4.575175175175174758e+01 -7.040033226567162572e+00
4.584984984984984635e+01 -7.058982065919083837e+00
4.594794794794794512e+01 -7.076220342004371666e+00
4.604604604604604390e+01 -7.095208542961311871e+00
4.614414414414414267e+01 -7.113349386122381546e+00
4.624224224224224145e+01 -7.131818400288025828e+00
4.634034034034034022e+01 -7.150552487972285043e+00
4.643843843843843899e+01 -7.167504937597263037e+00
4.653653653653653777e+01 -7.184954346839385941e+00
4.663463463463462944e+01 -7.202778605122371225e+00
4.673273273273272821e+01 -7.221445465074765480e+00
4.683083083083082698e+01 -7.240126794395743914e+00
4.692892892892892576e+01 -7.255701333065896819e+00
4.702702702702702453e+01 -7.274688222681955807e+00
4.712512512512512330e+01 -7.291470464294211418e+00
4.722322322322322208e+01 -7.308276688584993686e+00
4.732132132132132085e+01 -7.323523405972024669e+00
4.741941941941941963e+01 -7.338711354093787165e+00
4.751751751751751840e+01 -7.354054181542204915e+00
4.761561561561561007e+01 -7.370764538305866864e+00
4.771371371371370884e+01 -7.383695147850869667e+00
4.781181181181180762e+01 -7.396104161323822979e+00
4.790990990990990639e+01 -7.409614228913374845e+00
4.800800800800800516e+01 -7.423900107636552725e+00
4.810610610610610394e+01 -7.438521944274218534e+00
4.820420420420420271e+01 -7.453122991873778247e+00
4.830230230230230148e+01 -7.466614300414632588e+00
4.840040040040040026e+01 -7.480288707569597406e+00
4.849849849849849903e+01 -7.492796263353403319e+00
4.859659659659659781e+01 -7.508222804497253655e+00
4.869469469469468947e+01 -7.521681074746818574e+00
4.879279279279278825e+01 -7.536743025048887823e+00
4.889089089089088702e+01 -7.549869156464963815e+00
4.898898898898898580e+01 -7.561534693641493554e+00
4.908708708708708457e+01 -7.575540328354720465e+00
4.918518518518518334e+01 -7.588498872160299058e+00
4.928328328328328212e+01 -7.600567000350822333e+00
4.938138138138138089e+01 -7.614586818226696252e+00
4.947947947947947966e+01 -7.627430108722687230e+00
4.957757757757757844e+01 -7.639720725078315233e+00
4.967567567567567011e+01 -7.650566097167779134e+00
4.977377377377376888e+01 -7.662430374420978296e+00
4.987187187187186765e+01 -7.673280025682833738e+00
4.996996996996996643e+01 -7.684510993234077603e+00
5.006806806806806520e+01 -7.695272483909746164e+00
5.016616616616616398e+01 -7.706790413391980898e+00
5.026426426426426275e+01 -7.718119290411849853e+00
5.036236236236236152e+01 -7.728770661730572478e+00
5.046046046046046030e+01 -7.740642684200850887e+00
5.055855855855855907e+01 -7.752030339575450846e+00
5.065665665665665784e+01 -7.763118332820689638e+00
5.075475475475474951e+01 -7.773485506899887376e+00
5.085285285285284829e+01 -7.785101169653827924e+00
5.095095095095094706e+01 -7.796727064161070864e+00
5.104904904904904583e+01 -7.807542772795435404e+00
5.114714714714714461e+01 -7.819413215984014620e+00
5.124524524524524338e+01 -7.829221542280706103e+00
5.134334334334334216e+01 -7.841187991911040100e+00
5.144144144144144093e+01 -7.851533646702513636e+00
5.153953953953953970e+01 -7.861960635089037197e+00
5.163763763763763848e+01 -7.872515065538310708e+00
5.173573573573573015e+01 -7.882756632166564081e+00
5.183383383383382892e+01 -7.892757009565928961e+00
5.193193193193192769e+01 -7.903814034554347501e+00
5.203003003003002647e+01 -7.913865674729403388e+00
5.212812812812812524e+01 -7.921926931289287488e+00
5.222622622622622401e+01 -7.932420421262977861e+00
5.232432432432432279e+01 -7.941665485647867229e+00
5.242242242242242156e+01 -7.950778047317281327e+00
5.252052052052052034e+01 -7.959201228302832831e+00
5.261861861861861911e+01 -7.968143600931044901e+00
5.271671671671671788e+01 -7.977131854471141814e+00
5.281481481481480955e+01 -7.985914822901855281e+00
5.291291291291290833e+01 -7.996157273587475522e+00
5.301101101101100710e+01 -8.006283799623847841e+00
5.310910910910910587e+01 -8.015124304480369943e+00
5.320720720720720465e+01 -8.023279389378316750e+00
5.330530530530530342e+01 -8.033628220247955198e+00
5.340340340340340219e+01 -8.043451050076489750e+00
5.350150150150150097e+01 -8.052010439158557631e+00
5.359959959959959974e+01 -8.060676142740776484e+00
5.369769769769769852e+01 -8.068270657159999359e+00
5.379579579579579018e+01 -8.076903195871539154e+00
5.389389389389388896e+01 -8.086378494569272490e+00
5.399199199199198773e+01 -8.094411282359070370e+00
5.409009009009008651e+01 -8.103700216860246996e+00
5.418818818818818528e+01 -8.112047481799042004e+00
5.428628628628628405e+01 -8.119882028029788756e+00
5.438438438438438283e+01 -8.128485183824700755e+00
5.448248248248248160e+01 -8.136139800381602782e+00
5.458058058058058037e+01 -8.145069536278070288e+00
5.467867867867867915e+01 -8.152967498309751093e+00
5.477677677677677792e+01 -8.160667796238643135e+00
5.487487487487486959e+01 -8.168976202513480445e+00
5.497297297297296836e+01 -8.176542762477101434e+00
5.507107107107106714e+01 -8.183647618953155956e+00
5.516916916916916591e+01 -8.191154392512833837e+00
5.526726726726726469e+01 -8.199295202119344594e+00
5.536536536536536346e+01 -8.207210723334146252e+00
5.546346346346346223e+01 -8.216364454511188242e+00
5.556156156156156101e+01 -8.224588653600022781e+00
5.565965965965965978e+01 -8.231605368169386594e+00
5.575775775775775855e+01 -8.240000571996484169e+00
5.585585585585585022e+01 -8.247836814066291211e+00
5.595395395395394900e+01 -8.255004465659592228e+00
5.605205205205204777e+01 -8.263988076247066772e+00
5.615015015015014654e+01 -8.271714464152955415e+00
5.624824824824824532e+01 -8.279223321865753604e+00
5.634634634634634409e+01 -8.285920819634874590e+00
5.644444444444444287e+01 -8.293058863605022424e+00
5.654254254254254164e+01 -8.299985721936833372e+00
5.664064064064064041e+01 -8.306755167285247765e+00
5.673873873873873919e+01 -8.314295402519089606e+00
5.683683683683683796e+01 -8.321986010145161927e+00
5.693493493493492963e+01 -8.329181213506082315e+00
5.703303303303302840e+01 -8.336415663214284066e+00
5.713113113113112718e+01 -8.343462218964617705e+00
5.722922922922922595e+01 -8.350151263444320904e+00
5.732732732732732472e+01 -8.357079635208107149e+00
5.742542542542542350e+01 -8.363932041313256960e+00
5.752352352352352227e+01 -8.370700680614621803e+00
5.762162162162162105e+01 -8.377963366136670587e+00
5.771971971971971982e+01 -8.384797827509938628e+00
5.781781781781781859e+01 -8.391146605680116721e+00
5.791591591591591026e+01 -8.397889728278892463e+00
5.801401401401400904e+01 -8.404996708229999669e+00
5.811211211211210781e+01 -8.411872143030613813e+00
5.821021021021020658e+01 -8.418593738379199110e+00
5.830830830830830536e+01 -8.425104143967072190e+00
5.840640640640640413e+01 -8.432095731414696260e+00
5.850450450450450290e+01 -8.439474076718258999e+00
5.860260260260260168e+01 -8.445698369724624399e+00
5.870070070070070045e+01 -8.453097158643187115e+00
5.879879879879879923e+01 -8.459268172276480868e+00
5.889689689689689089e+01 -8.466086875485272500e+00
5.899499499499498967e+01 -8.472140406612501451e+00
5.909309309309308844e+01 -8.478757488343855897e+00
5.919119119119118722e+01 -8.484653200464663314e+00
5.928928928928928599e+01 -8.491538219079004080e+00
5.938738738738738476e+01 -8.497415142899637175e+00
5.948548548548548354e+01 -8.503700299355951842e+00
5.958358358358358231e+01 -8.510056284826237771e+00
5.968168168168168108e+01 -8.516017250440492958e+00
5.977977977977977986e+01 -8.523257656876470634e+00
5.987787787787787863e+01 -8.529826079534094774e+00
5.997597597597597030e+01 -8.536443843845118451e+00
6.007407407407406907e+01 -8.543306770077474965e+00
6.017217217217216785e+01 -8.549353203197998852e+00
6.027027027027026662e+01 -8.555708790296286281e+00
6.036836836836836540e+01 -8.561968970842190885e+00
6.046646646646646417e+01 -8.568042390031004985e+00
6.056456456456456294e+01 -8.574610267395794239e+00
6.066266266266266172e+01 -8.580864889737910062e+00
6.076076076076076049e+01 -8.586845819351633935e+00
6.085885885885885926e+01 -8.592972614644709850e+00
6.095695695695695093e+01 -8.599241012733919831e+00
6.105505505505504971e+01 -8.606245166234444355e+00
6.115315315315314848e+01 -8.612682923871233243e+00
6.125125125125124725e+01 -8.619505146393850126e+00
6.134934934934934603e+01 -8.625110140734651765e+00
6.144744744744744480e+01 -8.631215222091412897e+00
6.154554554554554358e+01 -8.637040154561404393e+00
6.164364364364364235e+01 -8.643341058965591017e+00
6.174174174174174112e+01 -8.648922277511756462e+00
6.183983983983983990e+01 -8.654679114933934159e+00
6.193793793793793867e+01 -8.661089941942355708e+00
6.203603603603603034e+01 -8.667402416062911286e+00
6.213413413413412911e+01 -8.673379183872702569e+00
6.223223223223222789e+01 -8.680103702585181935e+00
6.233033033033032666e+01 -8.685639371912111883e+00
6.242842842842842543e+01 -8.691213994995102610e+00
6.252652652652652421e+01 -8.696801279419302588e+00
6.262462462462462298e+01 -8.702808544908375410e+00
6.272272272272272176e+01 -8.708381114414944335e+00
6.282082082082082053e+01 -8.713934015840081315e+00
6.291891891891891930e+01 -8.719612000100520177e+00
6.301701701701701097e+01 -8.725068301386507130e+00
6.311511511511510975e+01 -8.730685314417950593e+00
6.321321321321320852e+01 -8.736312697419181816e+00
6.331131131131130729e+01 -8.741904974192083344e+00
6.340940940940940607e+01 -8.747790178753083623e+00
6.350750750750750484e+01 -8.753240271142960438e+00
6.360560560560560361e+01 -8.758662715714013558e+00
6.370370370370370239e+01 -8.764186611754091416e+00
6.380180180180180116e+01 -8.769611396127121594e+00
6.389989989989989994e+01 -8.775028314065560053e+00
6.399799799799799871e+01 -8.780439404045750962e+00
6.409609609609609038e+01 -8.786038608666375538e+00
6.419419419419418205e+01 -8.791766929399649655e+00
6.429229229229228793e+01 -8.797149216169863450e+00
6.439039039039039380e+01 -8.802936081884729091e+00
6.448848848848848547e+01 -8.808301363886945623e+00
6.458658658658657714e+01 -8.813652773962314058e+00
6.468468468468468302e+01 -8.818976836056132029e+00
6.478278278278278890e+01 -8.824318831457377499e+00
6.488088088088088057e+01 -8.829986909057172539e+00
6.497897897897897224e+01 -8.835433278345472985e+00
6.507707707707706390e+01 -8.840799931223305208e+00
6.517517517517516978e+01 -8.846134113684431810e+00
6.527327327327327566e+01 -8.851509026409301484e+00
6.537137137137136733e+01 -8.856776735219400010e+00
6.546946946946945900e+01 -8.862186003415738256e+00
6.556756756756756488e+01 -8.867496469087901900e+00
6.566566566566567076e+01 -8.872947280741893650e+00
6.576376376376376243e+01 -8.878365541613780110e+00
6.586186186186185409e+01 -8.883889536147258070e+00
6.595995995995995997e+01 -8.889526760022370411e+00
6.605805805805805164e+01 -8.895173625225032410e+00
6.615615615615615752e+01 -8.900809777097530073e+00
6.625425425425424919e+01 -8.906318902374946944e+00
6.635235235235235507e+01 -8.911709173475028223e+00
6.645045045045044674e+01 -8.916994329168279165e+00
6.654854854854855262e+01 -8.922523907375106589e+00
6.664664664664664429e+01 -8.927651672731464316e+00
6.674474474474473595e+01 -8.932730395748745167e+00
6.684284284284284183e+01 -8.937872327174083864e+00
6.694094094094093350e+01 -8.943248923222423485e+00
6.703903903903903938e+01 -8.948554731837925047e+00
6.713713713713713105e+01 -8.953705008546503308e+00
6.723523523523523693e+01 -8.958863263114151820e+00
6.733333333333332860e+01 -8.964052262946026417e+00
6.743143143143143448e+01 -8.969316751839906843e+00
6.752952952952952614e+01 -8.974415732365837783e+00
6.762762762762761781e+01 -8.979374228351273857e+00
6.772572572572572369e+01 -8.984379119057704699e+00
6.782382382382381536e+01 -8.989324473632045454e+00
6.792192192192192124e+01 -8.994473064058814415e+00
6.802002002002001291e+01 -8.999679388880693409e+00
6.811811811811811879e+01 -9.004766380010289950e+00
6.821621621621621046e+01 -9.009821633255922890e+00
6.831431431431431633e+01 -9.015133900261618649e+00
6.841241241241240800e+01 -9.020215718407566641e+00
6.851051051051051388e+01 -9.025045187266886870e+00
6.860860860860860555e+01 -9.029875043384613775e+00
6.870670670670669722e+01 -9.034914117912718368e+00
6.880480480480480310e+01 -9.040223197289595447e+00
6.890290290290289477e+01 -9.045610490319905495e+00
6.900100100100100065e+01 -9.050724714758105804e+00
6.909909909909909231e+01 -9.055814517080120751e+00
6.919719719719719819e+01 -9.060868987535055652e+00
6.929529529529528986e+01 -9.065671908181304417e+00
6.939339339339339574e+01 -9.070468013189323386e+00
6.949149149149148741e+01 -9.075162560951612889e+00
6.958958958958959329e+01 -9.079959919113660405e+00
6.968768768768768496e+01 -9.084834049806781664e+00
6.978578578578577662e+01 -9.089788841634920402e+00
6.988388388388388250e+01 -9.094735853725021357e+00
6.998198198198197417e+01 -9.099559283874439686e+00
7.008008008008008005e+01 -9.104412106638521962e+00
7.017817817817817172e+01 -9.109287793666805300e+00
7.027627627627627760e+01 -9.114290629241605046e+00
7.037437437437436927e+01 -9.119309421085922907e+00
7.047247247247247515e+01 -9.124391346032490802e+00
7.057057057057056682e+01 -9.129257422615930651e+00
7.066866866866867269e+01 -9.134256590471469650e+00
7.076676676676676436e+01 -9.139264844574370272e+00
7.086486486486485603e+01 -9.144266173831139710e+00
7.096296296296296191e+01 -9.149260597558717123e+00
7.106106106106105358e+01 -9.154105958652149155e+00
7.115915915915915946e+01 -9.158990451231161956e+00
7.125725725725725113e+01 -9.163865046259724423e+00
7.135535535535535701e+01 -9.168733676191083148e+00
7.145345345345344867e+01 -9.173568705354400166e+00
7.155155155155155455e+01 -9.178448355920657775e+00
7.164964964964964622e+01 -9.183218115505756174e+00
7.174774774774773789e+01 -9.187909186885940827e+00
7.184584584584584377e+01 -9.192692264121626877e+00
7.194394394394393544e+01 -9.197350009164015461e+00
7.204204204204204132e+01 -9.202190374997520905e+00
7.214014014014013298e+01 -9.207038190597334193e+00
7.223823823823823886e+01 -9.211845707467954725e+00
7.233633633633633053e+01 -9.216698179995152174e+00
7.243443443443443641e+01 -9.221536236464274339e+00
7.253253253253252808e+01 -9.226300005750969646e+00
7.263063063063063396e+01 -9.230901407747609255e+00
7.272872872872872563e+01 -9.235713313677591074e+00
7.282682682682681730e+01 -9.240368673597814109e+00
7.292492492492492318e+01 -9.245159191477561933e+00
7.302302302302301484e+01 -9.249795343251438595e+00
7.312112112112112072e+01 -9.254442127694082032e+00
7.321921921921921239e+01 -9.259406730924155227e+00
7.331731731731731827e+01 -9.264090699761478476e+00
7.341541541541540994e+01 -9.268768550744754364e+00
7.351351351351351582e+01 -9.273438948862102293e+00
7.361161161161160749e+01 -9.278151674437165042e+00
7.370970970970971337e+01 -9.282970618561257936e+00
7.380780780780780503e+01 -9.287654221638028673e+00
7.390590590590589670e+01 -9.292764176265661646e+00
7.400400400400400258e+01 -9.297684067147526932e+00
7.410210210210209425e+01 -9.302531051508248439e+00
7.420020020020020013e+01 -9.307183671907555578e+00
7.429829829829829180e+01 -9.312164109351648733e+00
7.439639639639639768e+01 -9.316692079456082354e+00
7.449449449449448935e+01 -9.321412610195217496e+00
7.459259259259259522e+01 -9.326122675583421895e+00
7.469069069069068689e+01 -9.330743164396587019e+00
7.478878878878877856e+01 -9.335472308856427759e+00
7.488688688688688444e+01 -9.340521968834975652e+00
7.498498498498497611e+01 -9.345825557733265398e+00
7.508308308308308199e+01 -9.350596701858068016e+00
7.518118118118117366e+01 -9.356219789449076174e+00
7.527927927927927954e+01 -9.361757231937099633e+00
7.537737737737737120e+01 -9.366967369876070038e+00
7.547547547547547708e+01 -9.371996236403662195e+00
7.557357357357356875e+01 -9.377140448011569873e+00
7.567167167167167463e+01 -9.381652225944474566e+00
7.576976976976976630e+01 -9.387260359303910562e+00
7.586786786786785797e+01 -9.392790504744935376e+00
7.596596596596596385e+01 -9.399029020886496610e+00
7.606406406406405551e+01 -9.406952168791898217e+00
7.616216216216216139e+01 -9.413082312869089918e+00
7.626026026026025306e+01 -9.419639906766466453e+00
7.635835835835835894e+01 -9.424849071405811074e+00
7.645645645645645061e+01 -9.431231914708320119e+00
7.655455455455455649e+01 -9.438521183971650075e+00
7.665265265265264816e+01 -9.445023577745780941e+00
7.675075075075075404e+01 -9.450750837610247146e+00
7.684884884884884571e+01 -9.455846502889242444e+00
7.694694694694693737e+01 -9.462084181419369244e+00
7.704504504504504325e+01 -9.466758101309325824e+00
7.714314314314313492e+01 -9.474057065128066668e+00
7.724124124124124080e+01 -9.480507281269757058e+00
7.733933933933933247e+01 -9.487353543159029456e+00
7.743743743743743835e+01 -9.494350726044711308e+00
7.753553553553553002e+01 -9.499224277313251363e+00
7.763363363363363590e+01 -9.505403994470174922e+00
7.773173173173172756e+01 -9.510872202280774346e+00
7.782982982982983344e+01 -9.517678842300560049e+00
7.792792792792792511e+01 -9.527818030814612982e+00
7.802602602602601678e+01 -9.534228418896994128e+00
7.812412412412412266e+01 -9.540756310459292067e+00
7.822222222222221433e+01 -9.550869205677258833e+00
7.832032032032032021e+01 -9.559029229167641972e+00
7.841841841841841187e+01 -9.566231916990904693e+00
7.851651651651651775e+01 -9.571933399212866789e+00
7.861461461461460942e+01 -9.583260840583822215e+00
7.871271271271271530e+01 -9.588866238791526442e+00
7.881081081081080697e+01 -9.595923527755347848e+00
7.890890890890889864e+01 -9.602574395688154851e+00
7.900700700700700452e+01 -9.609672534300562674e+00
7.910510510510509619e+01 -9.619085221580071732e+00
7.920320320320320207e+01 -9.625563919845031791e+00
7.930130130130129373e+01 -9.631933631217350467e+00
7.939939939939939961e+01 -9.643370474715858620e+00
7.949749749749749128e+01 -9.656360447648721035e+00
7.959559559559559716e+01 -9.665291564684471481e+00
7.969369369369368883e+01 -9.673386451938824848e+00
7.979179179179179471e+01 -9.682860310109495217e+00
7.988988988988988638e+01 -9.693938239400509360e+00
7.998798798798797804e+01 -9.702387351366986934e+00
8.008608608608608392e+01 -9.713047610481405414e+00
8.018418418418417559e+01 -9.725203258889784763e+00
8.028228228228228147e+01 -9.736409589538935094e+00
8.038038038038037314e+01 -9.745704707625160168e+00
8.047847847847847902e+01 -9.759332647719146436e+00
8.057657657657657069e+01 -9.768471213997585778e+00
8.067467467467467657e+01 -9.775692463497769324e+00
8.077277277277276823e+01 -9.785345635760101857e+00
8.087087087087087411e+01 -9.797437641455911006e+00
8.096896896896896578e+01 -9.811933940588280834e+00
8.106706706706705745e+01 -9.827803485260597327e+00
8.116516516516516333e+01 -9.839422821656516049e+00
8.126326326326325500e+01 -9.849740404449111253e+00
8.136136136136136088e+01 -9.860679218564367687e+00
8.145945945945945255e+01 -9.874339100999073082e+00
8.155755755755755843e+01 -9.886317045897241584e+00
8.165565565565565009e+01 -9.897494279638893389e+00
8.175375375375375597e+01 -9.908189055259580158e+00
8.185185185185184764e+01 -9.916855223731449342e+00
8.194994994994995352e+01 -9.929233644891702681e+00
8.204804804804804519e+01 -9.938955708171127057e+00
8.214614614614613686e+01 -9.949067060975878007e+00
8.224424424424424274e+01 -9.965417187100392482e+00
8.234234234234233440e+01 -9.977089219605943526e+00
8.244044044044044028e+01 -9.992644060222259483e+00
8.253853853853853195e+01 -1.000965703632889259e+01
8.263663663663663783e+01 -1.002229617662573879e+01
8.273473473473472950e+01 -1.003437337642472826e+01
8.283283283283283538e+01 -1.004295704076332640e+01
8.293093093093092705e+01 -1.005744736909557702e+01
8.302902902902901872e+01 -1.007052924217716239e+01
8.312712712712712460e+01 -1.008668318653240803e+01
8.322522522522521626e+01 -1.010049359765356058e+01
8.332332332332332214e+01 -1.011505229793715088e+01
8.342142142142141381e+01 -1.012870899123468504e+01
8.351951951951951969e+01 -1.014813879379977202e+01
8.361761761761761136e+01 -1.016915868399626532e+01
8.371571571571571724e+01 -1.018322691258700985e+01
8.381381381381380891e+01 -1.019704579658370669e+01
8.391191191191191479e+01 -1.021612181333869351e+01
8.401001001001000645e+01 -1.023091761524526788e+01
8.410810810810809812e+01 -1.024541490971910740e+01
8.420620620620620400e+01 -1.025886208634544694e+01
8.430430430430429567e+01 -1.028285077479499954e+01
8.440240240240240155e+01 -1.029598328749437464e+01
8.450050050050049322e+01 -1.032230325759179479e+01
8.459859859859859910e+01 -1.033514476700451112e+01
8.469669669669669076e+01 -1.035783410691676387e+01
8.479479479479479664e+01 -1.037593453096032015e+01
8.489289289289288831e+01 -1.040791789108171450e+01
8.499099099099099419e+01 -1.042480929412102242e+01
8.508908908908908586e+01 -1.044456731495795232e+01
8.518718718718717753e+01 -1.045795251516729785e+01
8.528528528528528341e+01 -1.048015209516174551e+01
8.538338338338337508e+01 -1.050192409943124794e+01
8.548148148148148096e+01 -1.053297089298724387e+01
8.557957957957957262e+01 -1.055385286508663611e+01
8.567767767767767850e+01 -1.057753094515626202e+01
8.577577577577577017e+01 -1.060681136678060632e+01
8.587387387387387605e+01 -1.064099029301579868e+01
8.597197197197196772e+01 -1.067968832612350560e+01
8.607007007007005939e+01 -1.070083335041213068e+01
8.616816816816816527e+01 -1.075570260409656242e+01
8.626626626626625693e+01 -1.079930989250993356e+01
8.636436436436436281e+01 -1.081634912906662116e+01
8.646246246246245448e+01 -1.084080840326835293e+01
8.656056056056056036e+01 -1.088065511345733327e+01
8.665865865865865203e+01 -1.092208294809331015e+01
8.675675675675675791e+01 -1.097165635940076100e+01
8.685485485485484958e+01 -1.102902615250899743e+01
8.695295295295295546e+01 -1.110232414468190854e+01
8.705105105105104712e+01 -1.114647243304796653e+01
8.714914914914913879e+01 -1.121497789617298757e+01
8.724724724724724467e+01 -1.126630427585169336e+01
8.734534534534533634e+01 -1.134671459008640504e+01
8.744344344344344222e+01 -1.144329605837024388e+01
8.754154154154153389e+01 -1.159262027714134646e+01
8.763963963963963977e+01 -1.196080469685366232e+01
8.773773773773773144e+01 -1.320698260716531180e+01
8.783583583583583732e+01 -2.273945131671486664e+01
8.793393393393392898e+01 -2.375790080092128065e+01
8.803203203203203486e+01 -2.499608765719033698e+01
8.813013013013012653e+01 -2.595723805165802389e+01
8.822822822822821820e+01 -2.760822243380935248e+01
8.832632632632632408e+01 -2.853794514786262226e+01
8.842442442442441575e+01 -2.957512780639090977e+01
8.852252252252252163e+01 -3.065530018317610583e+01
8.862062062062061329e+01 -3.193679906940399604e+01
8.871871871871871917e+01 -3.330707443648161359e+01
8.881681681681681084e+01 -3.423913444898681746e+01
8.891491491491491672e+01 -3.481675363025905057e+01
8.901301301301300839e+01 -3.583599118807276795e+01
8.911111111111111427e+01 -3.675842898380174262e+01
8.920920920920920594e+01 -3.778219887805646948e+01
8.930730730730729761e+01 -3.836233241290814533e+01
8.940540540540540349e+01 -3.916647598621733550e+01
8.950350350350349515e+01 -4.027978203315679906e+01
8.960160160160160103e+01 -4.088296394862763350e+01
8.969969969969969270e+01 -4.215223294607456239e+01
8.979779779779779858e+01 -4.272113748758151530e+01
8.989589589589589025e+01 -4.343670929391335278e+01
8.999399399399399613e+01 -4.384422286348056019e+01
9.009209209209208780e+01 -4.445148734705027493e+01
9.019019019019017946e+01 -4.504417662330161676e+01
9.028828828828828534e+01 -4.601919456291430066e+01
9.038638638638637701e+01 -4.715632129727356414e+01
9.048448448448448289e+01 -4.776109838215382553e+01
9.058258258258257456e+01 -4.829559434374650806e+01
9.068068068068068044e+01 -4.912154372170454053e+01
9.077877877877877211e+01 -5.010267689976157612e+01
9.087687687687687799e+01 -5.139631245917313151e+01
9.097497497497496965e+01 -5.211172125359216523e+01
9.107307307307307553e+01 -5.295984544663019022e+01
9.117117117117116720e+01 -5.358118176557743340e+01
9.126926926926925887e+01 -5.420897973675873516e+01
9.136736736736736475e+01 -5.508069277657035911e+01
9.146546546546545642e+01 -5.564909494211217122e+01
9.156356356356356230e+01 -5.635405064527315488e+01
9.166166166166165397e+01 -5.707021578108265203e+01
9.175975975975975985e+01 -5.777833360349951874e+01
9.185785785785785151e+01 -5.821245945558424495e+01
9.195595595595595739e+01 -5.875603887172034945e+01
9.205405405405404906e+01 -5.931894951645003289e+01
9.215215215215215494e+01 -6.008453539201395444e+01
9.225025025025024661e+01 -6.055870171310601080e+01
9.234834834834833828e+01 -6.144717385220605621e+01
9.244644644644644416e+01 -6.195961419146723870e+01
9.254454454454453582e+01 -6.272159862388571838e+01
9.264264264264264170e+01 -6.343471170121209468e+01
9.274074074074073337e+01 -6.408490326274198878e+01
9.283883883883883925e+01 -6.474975626517549188e+01
9.293693693693693092e+01 -6.567330672896864030e+01
9.303503503503503680e+01 -6.636904646323741019e+01
9.313313313313312847e+01 -6.713840671676121019e+01
9.323123123123122014e+01 -6.764474379002416526e+01
9.332932932932932601e+01 -6.847058985885739446e+01
9.342742742742741768e+01 -6.898018662302364135e+01
9.352552552552552356e+01 -6.964253283132018169e+01
9.362362362362361523e+01 -7.021599059399979126e+01
9.372172172172172111e+01 -7.105373070357599374e+01
9.381981981981981278e+01 -7.184783537571757961e+01
9.391791791791791866e+01 -7.240684724054533206e+01
9.401601601601601033e+01 -7.296339474407410819e+01
9.411411411411411621e+01 -7.324606856437233660e+01
9.421221221221220787e+01 -7.387664149256872292e+01
9.431031031031029954e+01 -7.455587014498682663e+01
9.440840840840840542e+01 -7.508701829988247312e+01
9.450650650650649709e+01 -7.564610849304372664e+01
9.460460460460460297e+01 -7.610536509502070146e+01
9.470270270270269464e+01 -7.686840135238038840e+01
9.480080080080080052e+01 -7.756863286362064969e+01
9.489889889889889218e+01 -7.798606063981455350e+01
9.499699699699699806e+01 -7.880628388665887485e+01
9.509509509509508973e+01 -7.952015534336946700e+01
9.519319319319319561e+01 -7.997208005557516231e+01
9.529129129129128728e+01 -8.077658748039313252e+01
9.538938938938937895e+01 -8.151638059317065199e+01
9.548748748748748483e+01 -8.195188879500284429e+01
9.558558558558557650e+01 -8.245179846253928702e+01
9.568368368368368237e+01 -8.297568602662165915e+01
9.578178178178177404e+01 -8.355434457266528625e+01
9.587987987987987992e+01 -8.413798655990065356e+01
9.597797797797797159e+01 -8.495698804073606425e+01
9.607607607607607747e+01 -8.576127858898705369e+01
9.617417417417416914e+01 -8.614700447834377428e+01
9.627227227227227502e+01 -8.683211188253659429e+01
9.637037037037036669e+01 -8.722321428414107913e+01
9.646846846846845835e+01 -8.788127806758622285e+01
9.656656656656656423e+01 -8.832012544409674604e+01
9.666466466466465590e+01 -8.877147678301091105e+01
9.676276276276276178e+01 -8.935784614637879031e+01
9.686086086086085345e+01 -8.997450976115395349e+01
9.695895895895895933e+01 -9.054508916385391615e+01
9.705705705705705100e+01 -9.095779111015505691e+01
9.715515515515515688e+01 -9.151996826091331627e+01
9.725325325325324854e+01 -9.213280564092552538e+01
9.735135135135134021e+01 -9.254615128003598556e+01
9.744944944944944609e+01 -9.313294966877042214e+01
9.754754754754753776e+01 -9.383444445765591979e+01
9.764564564564564364e+01 -9.462745555335693837e+01
9.774374374374373531e+01 -9.510178557010941347e+01
9.784184184184184119e+01 -9.565434134759573226e+01
9.793993993993993286e+01 -9.626130077307698230e+01
9.803803803803803874e+01 -9.669271425700503642e+01
9.813613613613613040e+01 -9.727113600237571234e+01
9.823423423423423628e+01 -9.809752160563908774e+01
9.833233233233232795e+01 -9.876218837044544330e+01
9.843043043043041962e+01 -9.925486013336717406e+01
9.852852852852852550e+01 -9.977472783215492314e+01
9.862662662662661717e+01 -1.006799824019725804e+02
9.872472472472472305e+01 -1.013573289183988493e+02
9.882282282282281471e+01 -1.017819711048202436e+02
9.892092092092092059e+01 -1.025046282150900367e+02
9.901901901901901226e+01 -1.028399333385350616e+02
9.911711711711711814e+01 -1.033785370787489768e+02
9.921521521521520981e+01 -1.037679983853311114e+02
9.931331331331331569e+01 -1.041850374478553931e+02
9.941141141141140736e+01 -1.048107305701593361e+02
9.950950950950949903e+01 -1.052838957378621672e+02
9.960760760760760490e+01 -1.059469743530863184e+02
9.970570570570569657e+01 -1.065125183161786424e+02
9.980380380380380245e+01 -1.070613648192124998e+02
9.990190190190189412e+01 -1.074902355681837065e+02
1.000000000000000000e+02 -1.079965848737298018e+02
